46.69607 -122.04111 1141.731201171875
46.69607 -122.0311 1222.225952148438
46.69607 -122.0211 1309.940063476562
46.69607 -122.0111 1095.9814453125
46.69607 -122.0011 930.0880737304688
46.69607 -121.9911 916.423828125
46.69607 -121.9811 832.9113159179688
46.69607 -121.9711 731.3173828125
46.69607 -121.9611 862.2329711914062
46.69607 -121.9511 1128.468872070312
46.69607 -121.9411 1439.614501953125
46.69607 -121.9311 1324.499633789062
46.69607 -121.9211 1375.19287109375
46.69607 -121.9111 1259.096923828125
46.69607 -121.9011 1064.9462890625
46.69607 -121.8911 1203.843139648438
46.69607 -121.8811 1022.520141601562
46.69607 -121.8711 1224.252807617188
46.69607 -121.8611 962.0831909179688
46.69607 -121.8511 926.796142578125
46.69607 -121.8411 1039.885986328125
46.69607 -121.8311 951.3253173828125
46.69607 -121.8211 961.8486938476562
46.69607 -121.8111 812.018310546875
46.69607 -121.8011 855.891357421875
46.69607 -121.7911 1227.850341796875
46.69607 -121.7811 1386.575805664062
46.69607 -121.7711 1493.526977539062
46.69607 -121.7611 1113.28515625
46.69607 -121.7511 941.7986450195312
46.69607 -121.7411 1249.223266601562
46.69607 -121.7311 1269.323364257812
46.69607 -121.7211 1152.891235351562
46.69607 -121.7111 754.270263671875
46.69607 -121.7011 1008.82080078125
46.69607 -121.6911 1274.000122070312
46.69607 -121.6811 1287.635375976562
46.69607 -121.6711 1575.98046875
46.69607 -121.6611 1638.8427734375
46.69607 -121.6511 1367.11865234375
46.69607 -121.6411 988.289306640625
46.69607 -121.6311 838.5185546875
46.69607 -121.6211 486.3600158691406
46.69607 -121.6111 617.8638305664062
46.69607 -121.6011 896.6187133789062
46.69607 -121.5911 700.520263671875
46.69607 -121.5811 468.8954772949219
46.69607 -121.5711 489.0956726074219
46.69607 -121.5611 612.2649536132812
46.69607 -121.5511 861.3578491210938
46.69607 -121.5411 1118.455078125
46.69607 -121.5311 1258.048461914062
46.69607 -121.5211 1278.407958984375
46.69607 -121.5111 1228.55517578125
46.69607 -121.5011 1266.0302734375
46.69607 -121.4911 1303.583251953125
46.69607 -121.4811 1282.83349609375
46.69607 -121.4711 1325.161254882812
46.69607 -121.4611 1299.746337890625
46.70607 -122.04111 977.7849731445312
46.70607 -122.0311 1102.276245117188
46.70607 -122.0211 1199.648559570312
46.70607 -122.0111 996.5735473632812
46.70607 -122.0011 856.58203125
46.70607 -121.9911 672.14990234375
46.70607 -121.9811 806.9713134765625
46.70607 -121.9711 1032.521118164062
46.70607 -121.9611 1279.220703125
46.70607 -121.9511 1433.911865234375
46.70607 -121.9411 1242.459106445312
46.70607 -121.9311 1132.1005859375
46.70607 -121.9211 987.7022094726562
46.70607 -121.9111 1386.608764648438
46.70607 -121.9011 1106.4423828125
46.70607 -121.8911 991.608642578125
46.70607 -121.8811 971.7656860351562
46.70607 -121.8711 872.3231811523438
46.70607 -121.8611 859.3978881835938
46.70607 -121.8511 822.96142578125
46.70607 -121.8411 889.5772705078125
46.70607 -121.8311 938.1771240234375
46.70607 -121.8211 892.9490356445312
46.70607 -121.8111 829.8106689453125
46.70607 -121.8011 1091.017578125
46.70607 -121.7911 1340.900756835938
46.70607 -121.7811 1406.10888671875
46.70607 -121.7711 1433.249633789062
46.70607 -121.7611 1277.325073242188
46.70607 -121.7511 1028.922607421875
46.70607 -121.7411 1036.234252929688
46.70607 -121.7311 1227.991821289062
46.70607 -121.7211 890.1550903320312
46.70607 -121.7111 963.6146850585938
46.70607 -121.7011 1377.965454101562
46.70607 -121.6911 1478.0341796875
46.70607 -121.6811 1707.445068359375
46.70607 -121.6711 1704.581665039062
46.70607 -121.6611 1810.76025390625
46.70607 -121.6511 1626.269287109375
46.70607 -121.6411 1465.430541992188
46.70607 -121.6311 1083.657470703125
46.70607 -121.6211 530.1195678710938
46.70607 -121.6111 628.3037109375
46.70607 -121.6011 1011.950073242188
46.70607 -121.5911 933.5829467773438
46.70607 -121.5811 471.7406005859375
46.70607 -121.5711 710.9805297851562
46.70607 -121.5611 676.9454345703125
46.70607 -121.5511 911.7903442382812
46.70607 -121.5411 855.5501098632812
46.70607 -121.5311 839.81396484375
46.70607 -121.5211 792.259765625
46.70607 -121.5111 891.2030639648438
46.70607 -121.5011 908.9931640625
46.70607 -121.4911 976.724365234375
46.70607 -121.4811 998.5552368164062
46.70607 -121.4711 1006.931762695312
46.70607 -121.4611 1113.79443359375
46.71607 -122.04111 953.4932861328125
46.71607 -122.0311 794.62109375
46.71607 -122.0211 665.801025390625
46.71607 -122.0111 757.9212646484375
46.71607 -122.0011 729.309326171875
46.71607 -121.9911 741.9315185546875
46.71607 -121.9811 1113.773559570312
46.71607 -121.9711 1379.754516601562
46.71607 -121.9611 1250.206665039062
46.71607 -121.9511 1240.0146484375
46.71607 -121.9411 1126.316162109375
46.71607 -121.9311 1127.195556640625
46.71607 -121.9211 816.0137939453125
46.71607 -121.9111 951.4208374023438
46.71607 -121.9011 822.1373901367188
46.71607 -121.8911 818.45849609375
46.71607 -121.8811 750.9747314453125
46.71607 -121.8711 767.0496826171875
46.71607 -121.8611 779.6071166992188
46.71607 -121.8511 1027.7412109375
46.71607 -121.8411 1028.782592773438
46.71607 -121.8311 859.732177734375
46.71607 -121.8211 779.4263916015625
46.71607 -121.8111 1066.5634765625
46.71607 -121.8011 1428.51513671875
46.71607 -121.7911 1444.796752929688
46.71607 -121.7811 1542.118041992188
46.71607 -121.7711 1347.140380859375
46.71607 -121.7611 1147.221557617188
46.71607 -121.7511 1023.365051269531
46.71607 -121.7411 1166.31298828125
46.71607 -121.7311 1235.612670898438
46.71607 -121.7211 881.0408935546875
46.71607 -121.7111 1127.957275390625
46.71607 -121.7011 1523.914672851562
46.71607 -121.6911 1619.000732421875
46.71607 -121.6811 1589.082397460938
46.71607 -121.6711 1786.266967773438
46.71607 -121.6611 1414.315795898438
46.71607 -121.6511 1347.832275390625
46.71607 -121.6411 1132.943603515625
46.71607 -121.6311 784.703125
46.71607 -121.6211 540.8173828125
46.71607 -121.6111 765.180419921875
46.71607 -121.6011 1027.618041992188
46.71607 -121.5911 937.2550659179688
46.71607 -121.5811 565.2780151367188
46.71607 -121.5711 581.5941772460938
46.71607 -121.5611 706.3694458007812
46.71607 -121.5511 729.8230590820312
46.71607 -121.5411 705.9207763671875
46.71607 -121.5311 788.512451171875
46.71607 -121.5211 864.572021484375
46.71607 -121.5111 1025.1279296875
46.71607 -121.5011 1028.388549804688
46.71607 -121.4911 1120.04150390625
46.71607 -121.4811 1261.530639648438
46.71607 -121.4711 1292.087768554688
46.71607 -121.4611 1331.755737304688
46.72607 -122.04111 573.9481811523438
46.72607 -122.0311 559.6599731445312
46.72607 -122.0211 540.260009765625
46.72607 -122.0111 523.3859252929688
46.72607 -122.0011 653.7642211914062
46.72607 -121.9911 747.646484375
46.72607 -121.9811 701.9039916992188
46.72607 -121.9711 723.7861938476562
46.72607 -121.9611 765.5009155273438
46.72607 -121.9511 794.3424072265625
46.72607 -121.9411 728.3909912109375
46.72607 -121.9311 694.9429321289062
46.72607 -121.9211 680.746826171875
46.72607 -121.9111 655.93701171875
46.72607 -121.9011 666.458251953125
46.72607 -121.8911 712.3942260742188
46.72607 -121.8811 674.9456787109375
46.72607 -121.8711 703.7406005859375
46.72607 -121.8611 743.8518676757812
46.72607 -121.8511 736.2105712890625
46.72607 -121.8411 729.06298828125
46.72607 -121.8311 746.3901977539062
46.72607 -121.8211 868.8074340820312
46.72607 -121.8111 1025.145141601562
46.72607 -121.8011 1095.13427734375
46.72607 -121.7911 1235.726806640625
46.72607 -121.7811 1464.213012695312
46.72607 -121.7711 1326.446411132812
46.72607 -121.7611 1186.906982421875
46.72607 -121.7511 1283.505981445312
46.72607 -121.7411 1378.610595703125
46.72607 -121.7311 1282.385986328125
46.72607 -121.7211 911.9358520507812
46.72607 -121.7111 1265.913940429688
46.72607 -121.7011 1695.441284179688
46.72607 -121.6911 1674.412353515625
46.72607 -121.6811 1392.414672851562
46.72607 -121.6711 1240.553100585938
46.72607 -121.6611 1411.541015625
46.72607 -121.6511 1434.077392578125
46.72607 -121.6411 1088.813598632812
46.72607 -121.6311 773.0250854492188
46.72607 -121.6211 635.440673828125
46.72607 -121.6111 843.9911499023438
46.72607 -121.6011 1042.05712890625
46.72607 -121.5911 1043.182250976562
46.72607 -121.5811 687.9903564453125
46.72607 -121.5711 588.7544555664062
46.72607 -121.5611 822.8488159179688
46.72607 -121.5511 1246.707641601562
46.72607 -121.5411 1381.472045898438
46.72607 -121.5311 1214.566772460938
46.72607 -121.5211 1016.473815917969
46.72607 -121.5111 851.2927856445312
46.72607 -121.5011 1251.75244140625
46.72607 -121.4911 1380.058471679688
46.72607 -121.4811 1380.619873046875
46.72607 -121.4711 1524.704833984375
46.72607 -121.4611 1644.751953125
46.73607 -122.04111 521.298828125
46.73607 -122.0311 499.104248046875
46.73607 -122.0211 503.7974548339844
46.73607 -122.0111 514.5881958007812
46.73607 -122.0011 524.7765502929688
46.73607 -121.9911 532.20947265625
46.73607 -121.9811 544.4580688476562
46.73607 -121.9711 552.9070434570312
46.73607 -121.9611 566.0127563476562
46.73607 -121.9511 575.8981323242188
46.73607 -121.9411 594.7980346679688
46.73607 -121.9311 605.4061889648438
46.73607 -121.9211 609.8677978515625
46.73607 -121.9111 621.6790161132812
46.73607 -121.9011 632.369384765625
46.73607 -121.8911 647.38916015625
46.73607 -121.8811 673.2539672851562
46.73607 -121.8711 727.855224609375
46.73607 -121.8611 726.7418823242188
46.73607 -121.8511 741.7391967773438
46.73607 -121.8411 786.3929443359375
46.73607 -121.8311 801.2591552734375
46.73607 -121.8211 783.444580078125
46.73607 -121.8111 895.8421020507812
46.73607 -121.8011 1247.948852539062
46.73607 -121.7911 1208.687744140625
46.73607 -121.7811 1387.735717773438
46.73607 -121.7711 1397.205932617188
46.73607 -121.7611 1380.880126953125
46.73607 -121.7511 1554.416015625
46.73607 -121.7411 1499.026733398438
46.73607 -121.7311 1013.542114257812
46.73607 -121.7211 1202.524536132812
46.73607 -121.7111 1671.250244140625
46.73607 -121.7011 1616.444946289062
46.73607 -121.6911 1698.360107421875
46.73607 -121.6811 1407.733154296875
46.73607 -121.6711 1340.74755859375
46.73607 -121.6611 952.1774291992188
46.73607 -121.6511 875.8399658203125
46.73607 -121.6411 885.6921997070312
46.73607 -121.6311 729.2476196289062
46.73607 -121.6211 809.671142578125
46.73607 -121.6111 917.4522705078125
46.73607 -121.6011 1109.76806640625
46.73607 -121.5911 1259.019775390625
46.73607 -121.5811 1016.628479003906
46.73607 -121.5711 563.3851318359375
46.73607 -121.5611 647.406494140625
46.73607 -121.5511 1034.312622070312
46.73607 -121.5411 1331.1484375
46.73607 -121.5311 1417.131469726562
46.73607 -121.5211 1326.389770507812
46.73607 -121.5111 963.8092041015625
46.73607 -121.5011 1031.824584960938
46.73607 -121.4911 1072.067626953125
46.73607 -121.4811 1216.55859375
46.73607 -121.4711 1475.929443359375
46.73607 -121.4611 1455.042358398438
46.74607 -122.04111 480.7359313964844
46.74607 -122.0311 496.6586303710938
46.74607 -122.0211 512.353271484375
46.74607 -122.0111 508.1356506347656
46.74607 -122.0011 549.8989868164062
46.74607 -121.9911 528.4283447265625
46.74607 -121.9811 542.5211181640625
46.74607 -121.9711 546.5875244140625
46.74607 -121.9611 561.1438598632812
46.74607 -121.9511 568.4911499023438
46.74607 -121.9411 581.8447875976562
46.74607 -121.9311 592.7725830078125
46.74607 -121.9211 663.3281860351562
46.74607 -121.9111 710.0543823242188
46.74607 -121.9011 735.5033569335938
46.74607 -121.8911 674.0315551757812
46.74607 -121.8811 930.0633544921875
46.74607 -121.8711 1192.648559570312
46.74607 -121.8611 1048.766479492188
46.74607 -121.8511 820.6954345703125
46.74607 -121.8411 902.678466796875
46.74607 -121.8311 1038.186279296875
46.74607 -121.8211 835.6651000976562
46.74607 -121.8111 839.891845703125
46.74607 -121.8011 995.0723266601562
46.74607 -121.7911 1323.433959960938
46.74607 -121.7811 1496.336181640625
46.74607 -121.7711 1673.970458984375
46.74607 -121.7611 1653.662109375
46.74607 -121.7511 1311.011474609375
46.74607 -121.7411 1308.6953125
46.74607 -121.7311 1303.808349609375
46.74607 -121.7211 1427.7890625
46.74607 -121.7111 1806.2890625
46.74607 -121.7011 2091.45849609375
46.74607 -121.6911 1645.13232421875
46.74607 -121.6811 1783.177368164062
46.74607 -121.6711 1761.339721679688
46.74607 -121.6611 1424.642211914062
46.74607 -121.6511 1139.787353515625
46.74607 -121.6411 819.4750366210938
46.74607 -121.6311 734.8985595703125
46.74607 -121.6211 820.0968627929688
46.74607 -121.6111 1040.177734375
46.74607 -121.6011 1155.52587890625
46.74607 -121.5911 1347.53662109375
46.74607 -121.5811 1206.333618164062
46.74607 -121.5711 815.9036865234375
46.74607 -121.5611 592.8599853515625
46.74607 -121.5511 822.96875
46.74607 -121.5411 1153.345336914062
46.74607 -121.5311 1123.255737304688
46.74607 -121.5211 1337.831298828125
46.74607 -121.5111 1409.306640625
46.74607 -121.5011 1262.829833984375
46.74607 -121.4911 1138.363525390625
46.74607 -121.4811 982.769287109375
46.74607 -121.4711 1112.753662109375
46.74607 -121.4611 1557.215087890625
46.75607 -122.04111 516.7855834960938
46.75607 -122.0311 524.3782348632812
46.75607 -122.0211 531.8958129882812
46.75607 -122.0111 534.7420654296875
46.75607 -122.0011 532.2922973632812
46.75607 -121.9911 548.5255126953125
46.75607 -121.9811 556.5277709960938
46.75607 -121.9711 578.0384521484375
46.75607 -121.9611 571.51806640625
46.75607 -121.9511 579.3768920898438
46.75607 -121.9411 657.6025390625
46.75607 -121.9311 801.3162231445312
46.75607 -121.9211 936.425537109375
46.75607 -121.9111 1014.055725097656
46.75607 -121.9011 1094.458129882812
46.75607 -121.8911 1061.1259765625
46.75607 -121.8811 723.691162109375
46.75607 -121.8711 847.2667236328125
46.75607 -121.8611 1083.17041015625
46.75607 -121.8511 962.9588623046875
46.75607 -121.8411 873.39990234375
46.75607 -121.8311 1021.149841308594
46.75607 -121.8211 1186.620727539062
46.75607 -121.8111 909.885498046875
46.75607 -121.8011 917.6990966796875
46.75607 -121.7911 1312.7216796875
46.75607 -121.7811 1679.361206054688
46.75607 -121.7711 1474.583740234375
46.75607 -121.7611 1536.902221679688
46.75607 -121.7511 1670.188110351562
46.75607 -121.7411 1796.912963867188
46.75607 -121.7311 1822.318115234375
46.75607 -121.7211 1787.786743164062
46.75607 -121.7111 1849.879150390625
46.75607 -121.7011 1442.610229492188
46.75607 -121.6911 1532.504516601562
46.75607 -121.6811 1171.4951171875
46.75607 -121.6711 1149.413696289062
46.75607 -121.6611 928.2926025390625
46.75607 -121.6511 828.9981079101562
46.75607 -121.6411 818.6233520507812
46.75607 -121.6311 813.506591796875
46.75607 -121.6211 952.666259765625
46.75607 -121.6111 1126.310546875
46.75607 -121.6011 1322.531372070312
46.75607 -121.5911 1494.04833984375
46.75607 -121.5811 1287.410888671875
46.75607 -121.5711 970.809326171875
46.75607 -121.5611 672.7105712890625
46.75607 -121.5511 760.389404296875
46.75607 -121.5411 921.219482421875
46.75607 -121.5311 978.0333862304688
46.75607 -121.5211 1249.953125
46.75607 -121.5111 1169.462768554688
46.75607 -121.5011 1191.3603515625
46.75607 -121.4911 1287.190551757812
46.75607 -121.4811 1337.067260742188
46.75607 -121.4711 1167.266235351562
46.75607 -121.4611 1161.889892578125
46.76607 -122.04111 636.522705078125
46.76607 -122.0311 716.4771118164062
46.76607 -122.0211 763.4833984375
46.76607 -122.0111 951.7383422851562
46.76607 -122.0011 958.0560913085938
46.76607 -121.9911 835.23095703125
46.76607 -121.9811 786.298095703125
46.76607 -121.9711 899.6226196289062
46.76607 -121.9611 827.3922119140625
46.76607 -121.9511 963.5103149414062
46.76607 -121.9411 1010.553955078125
46.76607 -121.9311 1032.86083984375
46.76607 -121.9211 1042.55078125
46.76607 -121.9111 1318.513305664062
46.76607 -121.9011 1583.1171875
46.76607 -121.8911 1394.453735351562
46.76607 -121.8811 926.8233032226562
46.76607 -121.8711 865.1790161132812
46.76607 -121.8611 1222.948364257812
46.76607 -121.8511 1321.626953125
46.76607 -121.8411 1016.547668457031
46.76607 -121.8311 965.2960205078125
46.76607 -121.8211 1055.648559570312
46.76607 -121.8111 1193.360107421875
46.76607 -121.8011 1128.909301757812
46.76607 -121.7911 961.1792602539062
46.76607 -121.7811 1039.138061523438
46.76607 -121.7711 1133.747680664062
46.76607 -121.7611 1170.659423828125
46.76607 -121.7511 1378.752319335938
46.76607 -121.7411 1391.964721679688
46.76607 -121.7311 1529.005981445312
46.76607 -121.7211 1506.924682617188
46.76607 -121.7111 1504.304809570312
46.76607 -121.7011 1411.538330078125
46.76607 -121.6911 1191.209350585938
46.76607 -121.6811 964.9807739257812
46.76607 -121.6711 1034.140625
46.76607 -121.6611 1303.065185546875
46.76607 -121.6511 1306.675170898438
46.76607 -121.6411 1064.639038085938
46.76607 -121.6311 969.7039794921875
46.76607 -121.6211 1081.517211914062
46.76607 -121.6111 1324.911499023438
46.76607 -121.6011 1488.22265625
46.76607 -121.5911 1412.292602539062
46.76607 -121.5811 1391.34423828125
46.76607 -121.5711 1001.97119140625
46.76607 -121.5611 753.7108764648438
46.76607 -121.5511 666.1455078125
46.76607 -121.5411 898.30029296875
46.76607 -121.5311 1184.54345703125
46.76607 -121.5211 1352.3017578125
46.76607 -121.5111 1418.2568359375
46.76607 -121.5011 1557.583984375
46.76607 -121.4911 1623.260864257812
46.76607 -121.4811 1496.0615234375
46.76607 -121.4711 1432.628051757812
46.76607 -121.4611 1524.65185546875
46.77607 -122.04111 937.7531127929688
46.77607 -122.0311 1022.409729003906
46.77607 -122.0211 1125.654296875
46.77607 -122.0111 1117.5673828125
46.77607 -122.0011 1198.484741210938
46.77607 -121.9911 1187.44970703125
46.77607 -121.9811 1259.36474609375
46.77607 -121.9711 1055.608764648438
46.77607 -121.9611 1080.03857421875
46.77607 -121.9511 1153.965454101562
46.77607 -121.9411 1350.88037109375
46.77607 -121.9311 1551.630004882812
46.77607 -121.9211 1166.441284179688
46.77607 -121.9111 1312.8759765625
46.77607 -121.9011 1783.612548828125
46.77607 -121.8911 1314.637939453125
46.77607 -121.8811 879.4119262695312
46.77607 -121.8711 871.152587890625
46.77607 -121.8611 1332.5263671875
46.77607 -121.8511 1543.88720703125
46.77607 -121.8411 1552.011596679688
46.77607 -121.8311 1417.968383789062
46.77607 -121.8211 1115.472290039062
46.77607 -121.8111 1108.72265625
46.77607 -121.8011 1271.078857421875
46.77607 -121.7911 1146.437133789062
46.77607 -121.7811 1054.425415039062
46.77607 -121.7711 1117.5078125
46.77607 -121.7611 1328.883422851562
46.77607 -121.7511 1455.971557617188
46.77607 -121.7411 1499.126586914062
46.77607 -121.7311 1620.436401367188
46.77607 -121.7211 1608.091430664062
46.77607 -121.7111 1370.23876953125
46.77607 -121.7011 1231.285278320312
46.77607 -121.6911 1506.731567382812
46.77607 -121.6811 1633.714721679688
46.77607 -121.6711 1507.498291015625
46.77607 -121.6611 1356.215087890625
46.77607 -121.6511 987.5498657226562
46.77607 -121.6411 997.8011474609375
46.77607 -121.6311 1174.796142578125
46.77607 -121.6211 1149.21630859375
46.77607 -121.6111 1359.365112304688
46.77607 -121.6011 1314.942626953125
46.77607 -121.5911 1222.411376953125
46.77607 -121.5811 1167.872314453125
46.77607 -121.5711 1043.352783203125
46.77607 -121.5611 899.7868041992188
46.77607 -121.5511 676.9635009765625
46.77607 -121.5411 1102.67236328125
46.77607 -121.5311 1361.963745117188
46.77607 -121.5211 1514.122436523438
46.77607 -121.5111 1336.072998046875
46.77607 -121.5011 1466.276733398438
46.77607 -121.4911 1504.3056640625
46.77607 -121.4811 1325.943359375
46.77607 -121.4711 1334.807250976562
46.77607 -121.4611 1542.543090820312
46.78607 -122.04111 1134.079467773438
46.78607 -122.0311 1104.557495117188
46.78607 -122.0211 1045.014404296875
46.78607 -122.0111 1046.318359375
46.78607 -122.0011 1120.830078125
46.78607 -121.9911 1317.425903320312
46.78607 -121.9811 1279.07763671875
46.78607 -121.9711 1207.615478515625
46.78607 -121.9611 1328.760009765625
46.78607 -121.9511 1414.0751953125
46.78607 -121.9411 1481.104614257812
46.78607 -121.9311 1525.499389648438
46.78607 -121.9211 1234.296997070312
46.78607 -121.9111 1574.828369140625
46.78607 -121.9011 1345.306640625
46.78607 -121.8911 995.0126953125
46.78607 -121.8811 917.250244140625
46.78607 -121.8711 1075.471435546875
46.78607 -121.8611 1419.515014648438
46.78607 -121.8511 1700.943969726562
46.78607 -121.8411 1654.181030273438
46.78607 -121.8311 1541.880981445312
46.78607 -121.8211 1487.094604492188
46.78607 -121.8111 1373.569091796875
46.78607 -121.8011 1242.888305664062
46.78607 -121.7911 1405.977661132812
46.78607 -121.7811 1293.36767578125
46.78607 -121.7711 1516.346069335938
46.78607 -121.7611 1374.928344726562
46.78607 -121.7511 1484.385009765625
46.78607 -121.7411 1649.65185546875
46.78607 -121.7311 1573.048461914062
46.78607 -121.7211 1732.865112304688
46.78607 -121.7111 1673.127807617188
46.78607 -121.7011 1417.772338867188
46.78607 -121.6911 1739.47900390625
46.78607 -121.6811 1526.375854492188
46.78607 -121.6711 1384.292846679688
46.78607 -121.6611 1423.250244140625
46.78607 -121.6511 1043.358764648438
46.78607 -121.6411 1179.1591796875
46.78607 -121.6311 1175.44287109375
46.78607 -121.6211 1194.659790039062
46.78607 -121.6111 1441.295288085938
46.78607 -121.6011 1541.226684570312
46.78607 -121.5911 1608.294799804688
46.78607 -121.5811 1373.548706054688
46.78607 -121.5711 1156.324951171875
46.78607 -121.5611 796.5242309570312
46.78607 -121.5511 795.6467895507812
46.78607 -121.5411 992.5697021484375
46.78607 -121.5311 1344.047119140625
46.78607 -121.5211 1266.634521484375
46.78607 -121.5111 1127.512939453125
46.78607 -121.5011 1225.81494140625
46.78607 -121.4911 1355.361206054688
46.78607 -121.4811 1145.601440429688
46.78607 -121.4711 1545.157470703125
46.78607 -121.4611 1663.344360351562
46.79607 -122.04111 908.057861328125
46.79607 -122.0311 984.1980590820312
46.79607 -122.0211 1088.659545898438
46.79607 -122.0111 1190.043212890625
46.79607 -122.0011 1205.445678710938
46.79607 -121.9911 1420.509643554688
46.79607 -121.9811 1367.529418945312
46.79607 -121.9711 1329.763793945312
46.79607 -121.9611 1188.259155273438
46.79607 -121.9511 1314.267333984375
46.79607 -121.9411 1295.675537109375
46.79607 -121.9311 1425.398559570312
46.79607 -121.9211 1408.696533203125
46.79607 -121.9111 1542.887329101562
46.79607 -121.9011 1221.382568359375
46.79607 -121.8911 1137.281982421875
46.79607 -121.8811 1038.368408203125
46.79607 -121.8711 1209.557739257812
46.79607 -121.8611 1347.55126953125
46.79607 -121.8511 1451.534790039062
46.79607 -121.8411 1608.191162109375
46.79607 -121.8311 1788.709838867188
46.79607 -121.8211 1598.990844726562
46.79607 -121.8111 1660.03076171875
46.79607 -121.8011 1461.104614257812
46.79607 -121.7911 1529.3974609375
46.79607 -121.7811 1622.596069335938
46.79607 -121.7711 1624.9150390625
46.79607 -121.7611 1735.916625976562
46.79607 -121.7511 1564.943237304688
46.79607 -121.7411 1693.6796875
46.79607 -121.7311 1753.2568359375
46.79607 -121.7211 1863.764526367188
46.79607 -121.7111 1884.9228515625
46.79607 -121.7011 1755.970458984375
46.79607 -121.6911 1753.133056640625
46.79607 -121.6811 1568.655395507812
46.79607 -121.6711 1640.931762695312
46.79607 -121.6611 1535.425537109375
46.79607 -121.6511 1197.060913085938
46.79607 -121.6411 1351.5517578125
46.79607 -121.6311 1433.089599609375
46.79607 -121.6211 1297.626831054688
46.79607 -121.6111 1608.689453125
46.79607 -121.6011 1544.973266601562
46.79607 -121.5911 1642.637329101562
46.79607 -121.5811 1322.525390625
46.79607 -121.5711 1019.99267578125
46.79607 -121.5611 838.53466796875
46.79607 -121.5511 802.2802124023438
46.79607 -121.5411 980.5825805664062
46.79607 -121.5311 941.63037109375
46.79607 -121.5211 983.15185546875
46.79607 -121.5111 1067.407348632812
46.79607 -121.5011 1161.610961914062
46.79607 -121.4911 1132.846435546875
46.79607 -121.4811 1110.734008789062
46.79607 -121.4711 1347.731323242188
46.79607 -121.4611 1566.309814453125
46.80607 -122.04111 960.4190063476562
46.80607 -122.0311 1027.248657226562
46.80607 -122.0211 996.4161376953125
46.80607 -122.0111 1032.351318359375
46.80607 -122.0011 1144.665893554688
46.80607 -121.9911 1308.794799804688
46.80607 -121.9811 1297.998291015625
46.80607 -121.9711 1092.700561523438
46.80607 -121.9611 1250.0927734375
46.80607 -121.9511 1541.164794921875
46.80607 -121.9411 1380.338134765625
46.80607 -121.9311 1170.445922851562
46.80607 -121.9211 1308.21435546875
46.80607 -121.9111 1276.191040039062
46.80607 -121.9011 1046.037231445312
46.80607 -121.8911 1092.976440429688
46.80607 -121.8811 1278.420776367188
46.80607 -121.8711 1403.053833007812
46.80607 -121.8611 1447.923217773438
46.80607 -121.8511 1379.958129882812
46.80607 -121.8411 1374.656860351562
46.80607 -121.8311 1496.938842773438
46.80607 -121.8211 1755.935546875
46.80607 -121.8111 2042.8798828125
46.80607 -121.8011 1875.226196289062
46.80607 -121.7911 1807.248291015625
46.80607 -121.7811 1679.45458984375
46.80607 -121.7711 1881.405029296875
46.80607 -121.7611 2047.654907226562
46.80607 -121.7511 2032.927856445312
46.80607 -121.7411 1834.488891601562
46.80607 -121.7311 2085.669189453125
46.80607 -121.7211 2106.22021484375
46.80607 -121.7111 2051.932373046875
46.80607 -121.7011 2005.970581054688
46.80607 -121.6911 1872.967529296875
46.80607 -121.6811 1694.219604492188
46.80607 -121.6711 1620.869384765625
46.80607 -121.6611 1407.239013671875
46.80607 -121.6511 1353.39697265625
46.80607 -121.6411 1670.74462890625
46.80607 -121.6311 1588.157592773438
46.80607 -121.6211 1501.65087890625
46.80607 -121.6111 1458.121704101562
46.80607 -121.6011 1256.582275390625
46.80607 -121.5911 1112.390502929688
46.80607 -121.5811 973.9212036132812
46.80607 -121.5711 783.782958984375
46.80607 -121.5611 761.8973388671875
46.80607 -121.5511 962.8163452148438
46.80607 -121.5411 1371.359985351562
46.80607 -121.5311 1548.172485351562
46.80607 -121.5211 1582.776733398438
46.80607 -121.5111 1489.879150390625
46.80607 -121.5011 1525.5830078125
46.80607 -121.4911 1593.518798828125
46.80607 -121.4811 1327.071411132812
46.80607 -121.4711 1652.081420898438
46.80607 -121.4611 1715.143798828125
46.81607 -122.04111 1046.405517578125
46.81607 -122.0311 1235.255004882812
46.81607 -122.0211 1276.001708984375
46.81607 -122.0111 1116.5048828125
46.81607 -122.0011 1304.101806640625
46.81607 -121.9911 1366.59521484375
46.81607 -121.9811 1229.676147460938
46.81607 -121.9711 1003.528076171875
46.81607 -121.9611 1271.564453125
46.81607 -121.9511 1540.218139648438
46.81607 -121.9411 1495.3154296875
46.81607 -121.9311 1127.606323242188
46.81607 -121.9211 1129.59228515625
46.81607 -121.9111 940.5352783203125
46.81607 -121.9011 1355.073608398438
46.81607 -121.8911 1625.823852539062
46.81607 -121.8811 1474.506103515625
46.81607 -121.8711 1316.86767578125
46.81607 -121.8611 1311.438354492188
46.81607 -121.8511 1471.762451171875
46.81607 -121.8411 1616.86767578125
46.81607 -121.8311 1664.520385742188
46.81607 -121.8211 2033.138671875
46.81607 -121.8111 1958.994506835938
46.81607 -121.8011 2198.1689453125
46.81607 -121.7911 2237.657470703125
46.81607 -121.7811 2198.388427734375
46.81607 -121.7711 2306.18310546875
46.81607 -121.7611 2314.604248046875
46.81607 -121.7511 2274.376953125
46.81607 -121.7411 2096.852783203125
46.81607 -121.7311 2318.607666015625
46.81607 -121.7211 2400.900146484375
46.81607 -121.7111 2150.120361328125
46.81607 -121.7011 1999.087646484375
46.81607 -121.6911 1734.2578125
46.81607 -121.6811 1737.273193359375
46.81607 -121.6711 1736.879272460938
46.81607 -121.6611 1860.387817382812
46.81607 -121.6511 1878.003051757812
46.81607 -121.6411 1829.111083984375
46.81607 -121.6311 1671.414184570312
46.81607 -121.6211 1766.84033203125
46.81607 -121.6111 1443.427124023438
46.81607 -121.6011 1046.951049804688
46.81607 -121.5911 850.9266357421875
46.81607 -121.5811 1017.295715332031
46.81607 -121.5711 1257.03271484375
46.81607 -121.5611 906.459228515625
46.81607 -121.5511 966.4044189453125
46.81607 -121.5411 1381.219482421875
46.81607 -121.5311 1652.645874023438
46.81607 -121.5211 1333.046508789062
46.81607 -121.5111 1508.642578125
46.81607 -121.5011 1603.64111328125
46.81607 -121.4911 1415.439331054688
46.81607 -121.4811 1516.599487304688
46.81607 -121.4711 1566.301147460938
46.81607 -121.4611 1651.441528320312
46.82607 -122.04111 891.9895629882812
46.82607 -122.0311 945.53857421875
46.82607 -122.0211 1194.173950195312
46.82607 -122.0111 1312.7080078125
46.82607 -122.0011 1339.349609375
46.82607 -121.9911 1379.74755859375
46.82607 -121.9811 1168.392822265625
46.82607 -121.9711 1055.0009765625
46.82607 -121.9611 1233.919311523438
46.82607 -121.9511 1408.680908203125
46.82607 -121.9411 1538.776611328125
46.82607 -121.9311 1226.620971679688
46.82607 -121.9211 901.4925537109375
46.82607 -121.9111 1118.2841796875
46.82607 -121.9011 1305.647338867188
46.82607 -121.8911 1292.345336914062
46.82607 -121.8811 1384.714721679688
46.82607 -121.8711 1571.773681640625
46.82607 -121.8611 1880.274536132812
46.82607 -121.8511 1783.797485351562
46.82607 -121.8411 1686.3505859375
46.82607 -121.8311 1838.833984375
46.82607 -121.8211 2107.021484375
46.82607 -121.8111 2392.076171875
46.82607 -121.8011 2509.736083984375
46.82607 -121.7911 2653.687255859375
46.82607 -121.7811 2658.819580078125
46.82607 -121.7711 2807.436279296875
46.82607 -121.7611 2906.3369140625
46.82607 -121.7511 2690.602294921875
46.82607 -121.7411 2564.2626953125
46.82607 -121.7311 2748.50048828125
46.82607 -121.7211 2595.113525390625
46.82607 -121.7111 2170.724365234375
46.82607 -121.7011 1945.62841796875
46.82607 -121.6911 2021.76318359375
46.82607 -121.6811 2101.35107421875
46.82607 -121.6711 2111.386962890625
46.82607 -121.6611 2071.845458984375
46.82607 -121.6511 1727.133544921875
46.82607 -121.6411 1566.01171875
46.82607 -121.6311 1530.845703125
46.82607 -121.6211 1278.699584960938
46.82607 -121.6111 1023.459655761719
46.82607 -121.6011 1062.492919921875
46.82607 -121.5911 1279.219482421875
46.82607 -121.5811 1652.401977539062
46.82607 -121.5711 1579.6162109375
46.82607 -121.5611 1259.680053710938
46.82607 -121.5511 895.42236328125
46.82607 -121.5411 1015.736633300781
46.82607 -121.5311 1342.708740234375
46.82607 -121.5211 1235.9140625
46.82607 -121.5111 1236.946533203125
46.82607 -121.5011 1264.272827148438
46.82607 -121.4911 1430.639404296875
46.82607 -121.4811 1509.371459960938
46.82607 -121.4711 1775.92041015625
46.82607 -121.4611 1493.84521484375
46.83607 -122.04111 864.4738159179688
46.83607 -122.0311 990.015625
46.83607 -122.0211 1337.803833007812
46.83607 -122.0111 1273.222290039062
46.83607 -122.0011 1109.130493164062
46.83607 -121.9911 1122.49755859375
46.83607 -121.9811 1316.62255859375
46.83607 -121.9711 1018.109313964844
46.83607 -121.9611 1039.836303710938
46.83607 -121.9511 1387.281616210938
46.83607 -121.9411 1474.762329101562
46.83607 -121.9311 1060.37451171875
46.83607 -121.9211 833.9646606445312
46.83607 -121.9111 1052.842651367188
46.83607 -121.9011 1217.218872070312
46.83607 -121.8911 1479.484375
46.83607 -121.8811 1526.96240234375
46.83607 -121.8711 1778.8291015625
46.83607 -121.8611 1681.253051757812
46.83607 -121.8511 1872.04638671875
46.83607 -121.8411 2218.0576171875
46.83607 -121.8311 2172.458740234375
46.83607 -121.8211 2275.068359375
46.83607 -121.8111 2471.27197265625
46.83607 -121.8011 2690.56201171875
46.83607 -121.7911 2919.93798828125
46.83607 -121.7811 3180.78076171875
46.83607 -121.7711 3477.152099609375
46.83607 -121.7611 3544.24951171875
46.83607 -121.7511 3357.118896484375
46.83607 -121.7411 3126.831298828125
46.83607 -121.7311 3050.75439453125
46.83607 -121.7211 2797.75048828125
46.83607 -121.7111 2557.83349609375
46.83607 -121.7011 2471.056640625
46.83607 -121.6911 2490.995849609375
46.83607 -121.6811 2412.73486328125
46.83607 -121.6711 2276.28662109375
46.83607 -121.6611 1842.2685546875
46.83607 -121.6511 1804.327880859375
46.83607 -121.6411 1651.252319335938
46.83607 -121.6311 1388.56005859375
46.83607 -121.6211 1349.194213867188
46.83607 -121.6111 1690.82275390625
46.83607 -121.6011 1819.46240234375
46.83607 -121.5911 1533.797607421875
46.83607 -121.5811 1506.5966796875
46.83607 -121.5711 1540.838500976562
46.83607 -121.5611 1397.554321289062
46.83607 -121.5511 1087.230224609375
46.83607 -121.5411 901.1068725585938
46.83607 -121.5311 1034.04443359375
46.83607 -121.5211 1164.692016601562
46.83607 -121.5111 1446.93017578125
46.83607 -121.5011 1605.184814453125
46.83607 -121.4911 1678.499267578125
46.83607 -121.4811 1827.348022460938
46.83607 -121.4711 1556.432495117188
46.83607 -121.4611 1372.343383789062
46.84607 -122.04111 878.8270874023438
46.84607 -122.0311 1019.047729492188
46.84607 -122.0211 1249.138549804688
46.84607 -122.0111 1280.024536132812
46.84607 -122.0011 1207.36865234375
46.84607 -121.9911 1032.087280273438
46.84607 -121.9811 980.9583740234375
46.84607 -121.9711 856.0471801757812
46.84607 -121.9611 1103.140625
46.84607 -121.9511 1461.651489257812
46.84607 -121.9411 1139.744018554688
46.84607 -121.9311 807.234619140625
46.84607 -121.9211 1079.167846679688
46.84607 -121.9111 1241.761352539062
46.84607 -121.9011 932.122802734375
46.84607 -121.8911 927.3926391601562
46.84607 -121.8811 972.5086669921875
46.84607 -121.8711 1108.718383789062
46.84607 -121.8611 1249.75244140625
46.84607 -121.8511 1649.476318359375
46.84607 -121.8411 2048.056640625
46.84607 -121.8311 2187.3779296875
46.84607 -121.8211 2515.202880859375
46.84607 -121.8111 2694.745849609375
46.84607 -121.8011 2863.0966796875
46.84607 -121.7911 3120.452392578125
46.84607 -121.7811 3471.5087890625
46.84607 -121.7711 4154.86474609375
46.84607 -121.7611 4222.4873046875
46.84607 -121.7511 3936.43798828125
46.84607 -121.7411 3615.20947265625
46.84607 -121.7311 3250.3896484375
46.84607 -121.7211 2983.97119140625
46.84607 -121.7111 2935.903564453125
46.84607 -121.7011 2818.32080078125
46.84607 -121.6911 2691.65234375
46.84607 -121.6811 2638.05322265625
46.84607 -121.6711 2366.80029296875
46.84607 -121.6611 2208.3330078125
46.84607 -121.6511 1985.555053710938
46.84607 -121.6411 1792.4150390625
46.84607 -121.6311 1789.956176757812
46.84607 -121.6211 1852.765869140625
46.84607 -121.6111 2058.726318359375
46.84607 -121.6011 1804.96240234375
46.84607 -121.5911 1531.315063476562
46.84607 -121.5811 1520.018188476562
46.84607 -121.5711 1274.926025390625
46.84607 -121.5611 1370.376953125
46.84607 -121.5511 1154.228393554688
46.84607 -121.5411 1165.99072265625
46.84607 -121.5311 1097.541259765625
46.84607 -121.5211 1486.676513671875
46.84607 -121.5111 1638.138916015625
46.84607 -121.5011 1799.535888671875
46.84607 -121.4911 1845.264404296875
46.84607 -121.4811 1654.082153320312
46.84607 -121.4711 1534.78271484375
46.84607 -121.4611 1342.89501953125
46.85607 -122.04111 844.902099609375
46.85607 -122.0311 927.9934692382812
46.85607 -122.0211 1128.952514648438
46.85607 -122.0111 1186.57177734375
46.85607 -122.0011 1301.38134765625
46.85607 -121.9911 1223.24755859375
46.85607 -121.9811 1144.371826171875
46.85607 -121.9711 794.014404296875
46.85607 -121.9611 1051.513305664062
46.85607 -121.9511 908.6813354492188
46.85607 -121.9411 744.1066284179688
46.85607 -121.9311 1081.215209960938
46.85607 -121.9211 851.87744140625
46.85607 -121.9111 810.3209838867188
46.85607 -121.9011 1111.04931640625
46.85607 -121.8911 1233.390991210938
46.85607 -121.8811 1677.579467773438
46.85607 -121.8711 1773.597045898438
46.85607 -121.8611 1739.0966796875
46.85607 -121.8511 1809.653686523438
46.85607 -121.8411 2111.59912109375
46.85607 -121.8311 2384.96142578125
46.85607 -121.8211 2429.289794921875
46.85607 -121.8111 2633.818603515625
46.85607 -121.8011 2978.828369140625
46.85607 -121.7911 3365.215087890625
46.85607 -121.7811 3586.101806640625
46.85607 -121.7711 4042.761474609375
46.85607 -121.7611 4244.27001953125
46.85607 -121.7511 4032.189208984375
46.85607 -121.7411 3630.7265625
46.85607 -121.7311 3138.762939453125
46.85607 -121.7211 2867.181640625
46.85607 -121.7111 2646.267822265625
46.85607 -121.7011 2655.44091796875
46.85607 -121.6911 2527.591552734375
46.85607 -121.6811 2406.818603515625
46.85607 -121.6711 2367.591064453125
46.85607 -121.6611 2052.66162109375
46.85607 -121.6511 1956.348022460938
46.85607 -121.6411 1994.006591796875
46.85607 -121.6311 2145.241455078125
46.85607 -121.6211 1921.773193359375
46.85607 -121.6111 1918.758178710938
46.85607 -121.6011 1896.492797851562
46.85607 -121.5911 1581.8916015625
46.85607 -121.5811 1581.486694335938
46.85607 -121.5711 1746.33056640625
46.85607 -121.5611 1478.926513671875
46.85607 -121.5511 1247.61962890625
46.85607 -121.5411 1529.931640625
46.85607 -121.5311 1261.315551757812
46.85607 -121.5211 1328.245971679688
46.85607 -121.5111 1326.582153320312
46.85607 -121.5011 1505.308715820312
46.85607 -121.4911 1574.383911132812
46.85607 -121.4811 1560
46.85607 -121.4711 1710.615478515625
46.85607 -121.4611 1625.23876953125
46.86607 -122.04111 771.716552734375
46.86607 -122.0311 929.8693237304688
46.86607 -122.0211 870.8895263671875
46.86607 -122.0111 1129.502685546875
46.86607 -122.0011 1017.180236816406
46.86607 -121.9911 969.8563842773438
46.86607 -121.9811 772.2852783203125
46.86607 -121.9711 688.2088623046875
46.86607 -121.9611 682.8258056640625
46.86607 -121.9511 736.8388061523438
46.86607 -121.9411 837.280517578125
46.86607 -121.9311 968.9826049804688
46.86607 -121.9211 1198.598999023438
46.86607 -121.9111 1378.207763671875
46.86607 -121.9011 1470.294067382812
46.86607 -121.8911 1501.102905273438
46.86607 -121.8811 1673.995971679688
46.86607 -121.8711 1982.084594726562
46.86607 -121.8611 1779.651977539062
46.86607 -121.8511 1598.774169921875
46.86607 -121.8411 1783.45166015625
46.86607 -121.8311 2051.695556640625
46.86607 -121.8211 2396.7763671875
46.86607 -121.8111 2682.116455078125
46.86607 -121.8011 3021.27880859375
46.86607 -121.7911 3530.502197265625
46.86607 -121.7811 4053.368408203125
46.86607 -121.7711 3829.59375
46.86607 -121.7611 3815.69580078125
46.86607 -121.7511 3403.932373046875
46.86607 -121.7411 3132.484130859375
46.86607 -121.7311 2963.682861328125
46.86607 -121.7211 2642.010498046875
46.86607 -121.7111 2405.234375
46.86607 -121.7011 2266.093017578125
46.86607 -121.6911 2073.550537109375
46.86607 -121.6811 1886.211303710938
46.86607 -121.6711 1848.284057617188
46.86607 -121.6611 1779.224365234375
46.86607 -121.6511 1717.83447265625
46.86607 -121.6411 1516.235107421875
46.86607 -121.6311 1466.157348632812
46.86607 -121.6211 1653.767333984375
46.86607 -121.6111 1668.085083007812
46.86607 -121.6011 1648.359619140625
46.86607 -121.5911 1737.65869140625
46.86607 -121.5811 1585.972900390625
46.86607 -121.5711 1893.574951171875
46.86607 -121.5611 1534.550415039062
46.86607 -121.5511 1452.3095703125
46.86607 -121.5411 1435.553955078125
46.86607 -121.5311 1415.337280273438
46.86607 -121.5211 1544.587280273438
46.86607 -121.5111 1731.68505859375
46.86607 -121.5011 1780.401245117188
46.86607 -121.4911 1667.885131835938
46.86607 -121.4811 1817.350708007812
46.86607 -121.4711 1744.24755859375
46.86607 -121.4611 1685.143310546875
46.87607 -122.04111 786.7869873046875
46.87607 -122.0311 713.9345092773438
46.87607 -122.0211 777.6436157226562
46.87607 -122.0111 939.8004150390625
46.87607 -122.0011 717.917724609375
46.87607 -121.9911 625.8722534179688
46.87607 -121.9811 635.2998657226562
46.87607 -121.9711 669.5877685546875
46.87607 -121.9611 738.786376953125
46.87607 -121.9511 967.8419189453125
46.87607 -121.9411 1167.201293945312
46.87607 -121.9311 1322.422973632812
46.87607 -121.9211 1351.036499023438
46.87607 -121.9111 1476.029052734375
46.87607 -121.9011 1601.046875
46.87607 -121.8911 1740.173706054688
46.87607 -121.8811 1668.407348632812
46.87607 -121.8711 1495.620849609375
46.87607 -121.8611 1253.277587890625
46.87607 -121.8511 1399.192016601562
46.87607 -121.8411 1862.375732421875
46.87607 -121.8311 2083.68212890625
46.87607 -121.8211 2478.22900390625
46.87607 -121.8111 2539.920166015625
46.87607 -121.8011 2685.283935546875
46.87607 -121.7911 3016.145263671875
46.87607 -121.7811 3172.725341796875
46.87607 -121.7711 3074.890869140625
46.87607 -121.7611 2838.009521484375
46.87607 -121.7511 2931.459716796875
46.87607 -121.7411 2740.198486328125
46.87607 -121.7311 2800.600830078125
46.87607 -121.7211 2596.506103515625
46.87607 -121.7111 2356.543701171875
46.87607 -121.7011 2003.472045898438
46.87607 -121.6911 1840.286743164062
46.87607 -121.6811 1768.850463867188
46.87607 -121.6711 1887.84765625
46.87607 -121.6611 2039.463745117188
46.87607 -121.6511 1884.144409179688
46.87607 -121.6411 1673.22705078125
46.87607 -121.6311 1466.7197265625
46.87607 -121.6211 1235.992919921875
46.87607 -121.6111 1373.829223632812
46.87607 -121.6011 1861.443237304688
46.87607 -121.5911 1740.866943359375
46.87607 -121.5811 1526.005493164062
46.87607 -121.5711 1945.671630859375
46.87607 -121.5611 1609.715576171875
46.87607 -121.5511 1424.726928710938
46.87607 -121.5411 1369.370849609375
46.87607 -121.5311 1582.434814453125
46.87607 -121.5211 1758.750366210938
46.87607 -121.5111 1466.658081054688
46.87607 -121.5011 1642.092041015625
46.87607 -121.4911 1481.478515625
46.87607 -121.4811 1758.5400390625
46.87607 -121.4711 1487.826538085938
46.87607 -121.4611 1715.343139648438
46.88607 -122.04111 645.4769897460938
46.88607 -122.0311 578.8600463867188
46.88607 -122.0211 596.7301635742188
46.88607 -122.0111 586.1868896484375
46.88607 -122.0011 601.5111694335938
46.88607 -121.9911 630.6929931640625
46.88607 -121.9811 711.5159912109375
46.88607 -121.9711 940.6366577148438
46.88607 -121.9611 1078.666381835938
46.88607 -121.9511 1185.414794921875
46.88607 -121.9411 1283.329711914062
46.88607 -121.9311 1333.31103515625
46.88607 -121.9211 1306.40625
46.88607 -121.9111 1321.93505859375
46.88607 -121.9011 1402.620849609375
46.88607 -121.8911 1498.64501953125
46.88607 -121.8811 1169.592407226562
46.88607 -121.8711 1065.366455078125
46.88607 -121.8611 1322.349731445312
46.88607 -121.8511 1711.90380859375
46.88607 -121.8411 2015.47607421875
46.88607 -121.8311 1927.98876953125
46.88607 -121.8211 2131.303955078125
46.88607 -121.8111 2137.255859375
46.88607 -121.8011 2388.17041015625
46.88607 -121.7911 2789.8115234375
46.88607 -121.7811 2590.245361328125
46.88607 -121.7711 2500.986572265625
46.88607 -121.7611 2413.690673828125
46.88607 -121.7511 2579.644287109375
46.88607 -121.7411 2392.92041015625
46.88607 -121.7311 2288.803955078125
46.88607 -121.7211 2227.7646484375
46.88607 -121.7111 1993.742065429688
46.88607 -121.7011 1849.145751953125
46.88607 -121.6911 2029.986083984375
46.88607 -121.6811 1635.912353515625
46.88607 -121.6711 1587.227905273438
46.88607 -121.6611 1929.383056640625
46.88607 -121.6511 2024.49951171875
46.88607 -121.6411 2000.0908203125
46.88607 -121.6311 1794.747436523438
46.88607 -121.6211 1536.858520507812
46.88607 -121.6111 1168.761596679688
46.88607 -121.6011 1353.959106445312
46.88607 -121.5911 1497.990112304688
46.88607 -121.5811 1371.725463867188
46.88607 -121.5711 1769.142944335938
46.88607 -121.5611 1524.268310546875
46.88607 -121.5511 1210.383178710938
46.88607 -121.5411 1331.840209960938
46.88607 -121.5311 1707.919189453125
46.88607 -121.5211 1599.744140625
46.88607 -121.5111 1777.0673828125
46.88607 -121.5011 1445.702758789062
46.88607 -121.4911 1298.656616210938
46.88607 -121.4811 1286.22509765625
46.88607 -121.4711 1308.930541992188
46.88607 -121.4611 1324.610473632812
46.89607 -122.04111 536.5985107421875
46.89607 -122.0311 548.9810791015625
46.89607 -122.0211 537.2651977539062
46.89607 -122.0111 577.8731689453125
46.89607 -122.0011 595.0388793945312
46.89607 -121.9911 655.1611938476562
46.89607 -121.9811 813.9175415039062
46.89607 -121.9711 938.7821655273438
46.89607 -121.9611 956.4577026367188
46.89607 -121.9511 936.3014526367188
46.89607 -121.9411 882.5008544921875
46.89607 -121.9311 1005.019653320312
46.89607 -121.9211 1169.580078125
46.89607 -121.9111 1261.305053710938
46.89607 -121.9011 1511.631958007812
46.89607 -121.8911 1199.252319335938
46.89607 -121.8811 951.2371215820312
46.89607 -121.8711 1285.92724609375
46.89607 -121.8611 1696.401000976562
46.89607 -121.8511 1825.570190429688
46.89607 -121.8411 1602.3359375
46.89607 -121.8311 1589.49853515625
46.89607 -121.8211 1973.340942382812
46.89607 -121.8111 2342.81884765625
46.89607 -121.8011 2556.611572265625
46.89607 -121.7911 2480.166015625
46.89607 -121.7811 2254.95361328125
46.89607 -121.7711 2131.1884765625
46.89607 -121.7611 2234.9853515625
46.89607 -121.7511 2210.573974609375
46.89607 -121.7411 2093.653076171875
46.89607 -121.7311 2001.75537109375
46.89607 -121.7211 1995.45556640625
46.89607 -121.7111 2134.725830078125
46.89607 -121.7011 1927.989379882812
46.89607 -121.6911 1691.899658203125
46.89607 -121.6811 1565.770751953125
46.89607 -121.6711 1476.705322265625
46.89607 -121.6611 1457.48583984375
46.89607 -121.6511 1434.026733398438
46.89607 -121.6411 1589.60400390625
46.89607 -121.6311 1590.181030273438
46.89607 -121.6211 1292.45849609375
46.89607 -121.6111 1187.03466796875
46.89607 -121.6011 1138.155151367188
46.89607 -121.5911 1106.335083007812
46.89607 -121.5811 1082.236206054688
46.89607 -121.5711 1108.7509765625
46.89607 -121.5611 1238.065795898438
46.89607 -121.5511 1095.7744140625
46.89607 -121.5411 1435.936889648438
46.89607 -121.5311 1530.421630859375
46.89607 -121.5211 1842.695678710938
46.89607 -121.5111 2010.084838867188
46.89607 -121.5011 1766.993408203125
46.89607 -121.4911 1875.145263671875
46.89607 -121.4811 1584.193969726562
46.89607 -121.4711 1453.987426757812
46.89607 -121.4611 1315.9765625
46.90607 -122.04111 512.830810546875
46.90607 -122.0311 610.1237182617188
46.90607 -122.0211 602.2943725585938
46.90607 -122.0111 608.6417236328125
46.90607 -122.0011 627.4990844726562
46.90607 -121.9911 790.9677124023438
46.90607 -121.9811 901.2626953125
46.90607 -121.9711 1042.405517578125
46.90607 -121.9611 1118.706176757812
46.90607 -121.9511 1253.315673828125
46.90607 -121.9411 1287.045532226562
46.90607 -121.9311 1263.181274414062
46.90607 -121.9211 1139.673095703125
46.90607 -121.9111 1030.782836914062
46.90607 -121.9011 995.5677490234375
46.90607 -121.8911 857.2467651367188
46.90607 -121.8811 1205.946533203125
46.90607 -121.8711 1285.007934570312
46.90607 -121.8611 1273.091796875
46.90607 -121.8511 1361.96630859375
46.90607 -121.8411 1540.66748046875
46.90607 -121.8311 1970.510375976562
46.90607 -121.8211 2074.663330078125
46.90607 -121.8111 2184.6240234375
46.90607 -121.8011 2321.3056640625
46.90607 -121.7911 2156.12109375
46.90607 -121.7811 1896.62451171875
46.90607 -121.7711 1951.8125
46.90607 -121.7611 1883.855712890625
46.90607 -121.7511 1856.319213867188
46.90607 -121.7411 1747.423828125
46.90607 -121.7311 1764.43603515625
46.90607 -121.7211 1923.281616210938
46.90607 -121.7111 2175.54248046875
46.90607 -121.7011 2171.4443359375
46.90607 -121.6911 2227.7099609375
46.90607 -121.6811 2066.125
46.90607 -121.6711 1957.42431640625
46.90607 -121.6611 1762.6630859375
46.90607 -121.6511 1609.901977539062
46.90607 -121.6411 1440.420654296875
46.90607 -121.6311 1413.701782226562
46.90607 -121.6211 1530.991577148438
46.90607 -121.6111 1736.104248046875
46.90607 -121.6011 1579.919311523438
46.90607 -121.5911 1529.761596679688
46.90607 -121.5811 1441.55126953125
46.90607 -121.5711 1202.696533203125
46.90607 -121.5611 1029.777587890625
46.90607 -121.5511 1014.453186035156
46.90607 -121.5411 1136.871704101562
46.90607 -121.5311 1455.001586914062
46.90607 -121.5211 1921.543579101562
46.90607 -121.5111 1749.350341796875
46.90607 -121.5011 1930.259765625
46.90607 -121.4911 1745.004028320312
46.90607 -121.4811 1633.51123046875
46.90607 -121.4711 1497.65966796875
46.90607 -121.4611 1549.158569335938
46.91607 -122.04111 631.291748046875
46.91607 -122.0311 557.7320556640625
46.91607 -122.0211 602.0695190429688
46.91607 -122.0111 646.2731323242188
46.91607 -122.0011 651.9815673828125
46.91607 -121.9911 604.2026977539062
46.91607 -121.9811 635.4208374023438
46.91607 -121.9711 738.3126831054688
46.91607 -121.9611 830.1320190429688
46.91607 -121.9511 812.7752075195312
46.91607 -121.9411 814.6492309570312
46.91607 -121.9311 749.5157470703125
46.91607 -121.9211 759.6741943359375
46.91607 -121.9111 757.2672119140625
46.91607 -121.9011 778.0437622070312
46.91607 -121.8911 807.7396240234375
46.91607 -121.8811 848.728515625
46.91607 -121.8711 944.1405639648438
46.91607 -121.8611 1224.390258789062
46.91607 -121.8511 1488.692993164062
46.91607 -121.8411 1621.267822265625
46.91607 -121.8311 1763.300170898438
46.91607 -121.8211 1899.837280273438
46.91607 -121.8111 2069.654541015625
46.91607 -121.8011 2028.997680664062
46.91607 -121.7911 2021.76025390625
46.91607 -121.7811 1872.06201171875
46.91607 -121.7711 1742.500244140625
46.91607 -121.7611 1829.580688476562
46.91607 -121.7511 1687.808349609375
46.91607 -121.7411 1592.370849609375
46.91607 -121.7311 1609.176513671875
46.91607 -121.7211 1636.164306640625
46.91607 -121.7111 1918.041259765625
46.91607 -121.7011 1915.293823242188
46.91607 -121.6911 1922.394165039062
46.91607 -121.6811 1958.93115234375
46.91607 -121.6711 2089.50537109375
46.91607 -121.6611 1954.634155273438
46.91607 -121.6511 1941.085083007812
46.91607 -121.6411 1956.000122070312
46.91607 -121.6311 1973.872802734375
46.91607 -121.6211 1950.892700195312
46.91607 -121.6111 1984.870849609375
46.91607 -121.6011 1918.5380859375
46.91607 -121.5911 1839.7119140625
46.91607 -121.5811 1647.859985351562
46.91607 -121.5711 1485.33251953125
46.91607 -121.5611 1246.709106445312
46.91607 -121.5511 1009.954345703125
46.91607 -121.5411 1032.641479492188
46.91607 -121.5311 1247.0625
46.91607 -121.5211 1429.79248046875
46.91607 -121.5111 1861.444580078125
46.91607 -121.5011 2013.781372070312
46.91607 -121.4911 1703.716186523438
46.91607 -121.4811 1756.802368164062
46.91607 -121.4711 1755.4697265625
46.91607 -121.4611 1653.69482421875
46.92607 -122.04111 525.270263671875
46.92607 -122.0311 544.3561401367188
46.92607 -122.0211 701.4188232421875
46.92607 -122.0111 782.9501342773438
46.92607 -122.0011 834.4893188476562
46.92607 -121.9911 805.3912353515625
46.92607 -121.9811 688.6553344726562
46.92607 -121.9711 691.2023315429688
46.92607 -121.9611 716.9940185546875
46.92607 -121.9511 758.520263671875
46.92607 -121.9411 774.720703125
46.92607 -121.9311 828.6213989257812
46.92607 -121.9211 979.1390380859375
46.92607 -121.9111 1005.37744140625
46.92607 -121.9011 1357.426513671875
46.92607 -121.8911 1324.466430664062
46.92607 -121.8811 1334.92919921875
46.92607 -121.8711 1320.433471679688
46.92607 -121.8611 1462.997314453125
46.92607 -121.8511 1653.165161132812
46.92607 -121.8411 1889.114624023438
46.92607 -121.8311 1830.994873046875
46.92607 -121.8211 1709.318359375
46.92607 -121.8111 1850.539794921875
46.92607 -121.8011 1801.390625
46.92607 -121.7911 1643.564697265625
46.92607 -121.7811 1619.295288085938
46.92607 -121.7711 1661.331665039062
46.92607 -121.7611 1938.421630859375
46.92607 -121.7511 2126.70068359375
46.92607 -121.7411 1859.186767578125
46.92607 -121.7311 1438.515869140625
46.92607 -121.7211 1421.169921875
46.92607 -121.7111 1747.88671875
46.92607 -121.7011 2058.709228515625
46.92607 -121.6911 1738.1171875
46.92607 -121.6811 2033.45849609375
46.92607 -121.6711 2106.494384765625
46.92607 -121.6611 2005.891357421875
46.92607 -121.6511 1945.8134765625
46.92607 -121.6411 1790.323120117188
46.92607 -121.6311 1836.400390625
46.92607 -121.6211 1836.935913085938
46.92607 -121.6111 1786.154418945312
46.92607 -121.6011 1830.002197265625
46.92607 -121.5911 1699.583374023438
46.92607 -121.5811 1612.7724609375
46.92607 -121.5711 1758.304321289062
46.92607 -121.5611 1528.227172851562
46.92607 -121.5511 1128.569458007812
46.92607 -121.5411 960.3292846679688
46.92607 -121.5311 1077.790649414062
46.92607 -121.5211 1403.701904296875
46.92607 -121.5111 1869.717651367188
46.92607 -121.5011 1898.043090820312
46.92607 -121.4911 1704.180053710938
46.92607 -121.4811 1503.998046875
46.92607 -121.4711 1634.174194335938
46.92607 -121.4611 1736.449462890625
46.93607 -122.04111 654.9115600585938
46.93607 -122.0311 668.3470458984375
46.93607 -122.0211 776.4453125
46.93607 -122.0111 869.3695678710938
46.93607 -122.0011 827.2491455078125
46.93607 -121.9911 902.4675903320312
46.93607 -121.9811 943.78857421875
46.93607 -121.9711 864.082763671875
46.93607 -121.9611 957.8637084960938
46.93607 -121.9511 1026.932861328125
46.93607 -121.9411 1080.63525390625
46.93607 -121.9311 1276.093872070312
46.93607 -121.9211 1309.967895507812
46.93607 -121.9111 1269.21240234375
46.93607 -121.9011 1111.259155273438
46.93607 -121.8911 1282.888061523438
46.93607 -121.8811 1498.9462890625
46.93607 -121.8711 1515.404907226562
46.93607 -121.8611 1504.665893554688
46.93607 -121.8511 1711.854858398438
46.93607 -121.8411 1832.327514648438
46.93607 -121.8311 1693.016479492188
46.93607 -121.8211 1463.330322265625
46.93607 -121.8111 1510.079956054688
46.93607 -121.8011 1582.321899414062
46.93607 -121.7911 1421.244018554688
46.93607 -121.7811 1425.657470703125
46.93607 -121.7711 1712.727416992188
46.93607 -121.7611 1946.70361328125
46.93607 -121.7511 1982.29736328125
46.93607 -121.7411 1817.484497070312
46.93607 -121.7311 1622.1865234375
46.93607 -121.7211 1336.256469726562
46.93607 -121.7111 1242.754028320312
46.93607 -121.7011 1506.077514648438
46.93607 -121.6911 1663.865966796875
46.93607 -121.6811 1896.725219726562
46.93607 -121.6711 1947.014770507812
46.93607 -121.6611 2009.9560546875
46.93607 -121.6511 1827.16943359375
46.93607 -121.6411 1647.433227539062
46.93607 -121.6311 1701.611694335938
46.93607 -121.6211 1718.08056640625
46.93607 -121.6111 1886.718017578125
46.93607 -121.6011 1856.296752929688
46.93607 -121.5911 1686.286376953125
46.93607 -121.5811 1595.471069335938
46.93607 -121.5711 1437.779663085938
46.93607 -121.5611 1706.946533203125
46.93607 -121.5511 1510.943115234375
46.93607 -121.5411 990.1815185546875
46.93607 -121.5311 995.9221801757812
46.93607 -121.5211 1282.55859375
46.93607 -121.5111 1624.502807617188
46.93607 -121.5011 2066.919677734375
46.93607 -121.4911 1888.682739257812
46.93607 -121.4811 1514.755493164062
46.93607 -121.4711 1376.839233398438
46.93607 -121.4611 1666.383178710938
46.94607 -122.04111 686.960205078125
46.94607 -122.0311 760.1572875976562
46.94607 -122.0211 835.2886962890625
46.94607 -122.0111 763.5543212890625
46.94607 -122.0011 872.505615234375
46.94607 -121.9911 790.93212890625
46.94607 -121.9811 880.4722900390625
46.94607 -121.9711 962.7597045898438
46.94607 -121.9611 1062.908569335938
46.94607 -121.9511 1237.921875
46.94607 -121.9411 1336.088989257812
46.94607 -121.9311 1287.337768554688
46.94607 -121.9211 1227.289428710938
46.94607 -121.9111 1328.32763671875
46.94607 -121.9011 1488.758911132812
46.94607 -121.8911 1396.566772460938
46.94607 -121.8811 1266.207885742188
46.94607 -121.8711 1351.869873046875
46.94607 -121.8611 1649.787109375
46.94607 -121.8511 1775.544677734375
46.94607 -121.8411 1579.469482421875
46.94607 -121.8311 1809.174072265625
46.94607 -121.8211 1726.509643554688
46.94607 -121.8111 1213.748046875
46.94607 -121.8011 1186.872680664062
46.94607 -121.7911 1094.330444335938
46.94607 -121.7811 1755.807861328125
46.94607 -121.7711 1919.564453125
46.94607 -121.7611 1867.454345703125
46.94607 -121.7511 1905.930053710938
46.94607 -121.7411 1994.61083984375
46.94607 -121.7311 1897.6474609375
46.94607 -121.7211 1791.992553710938
46.94607 -121.7111 1560.785766601562
46.94607 -121.7011 1134.78857421875
46.94607 -121.6911 1519.877807617188
46.94607 -121.6811 1584.215087890625
46.94607 -121.6711 1622.666137695312
46.94607 -121.6611 1744.498657226562
46.94607 -121.6511 1469.209716796875
46.94607 -121.6411 1495.819091796875
46.94607 -121.6311 1765.753295898438
46.94607 -121.6211 1781.5947265625
46.94607 -121.6111 1884.829345703125
46.94607 -121.6011 2022.606567382812
46.94607 -121.5911 1799.698486328125
46.94607 -121.5811 1740.721557617188
46.94607 -121.5711 1647.69580078125
46.94607 -121.5611 1327.721923828125
46.94607 -121.5511 1258.823120117188
46.94607 -121.5411 1113.953735351562
46.94607 -121.5311 996.3433227539062
46.94607 -121.5211 1163.001342773438
46.94607 -121.5111 1593.094116210938
46.94607 -121.5011 1989.863037109375
46.94607 -121.4911 1775.128540039062
46.94607 -121.4811 1533.168579101562
46.94607 -121.4711 1287.960327148438
46.94607 -121.4611 1679.07080078125
46.95607 -122.04111 745.8576049804688
46.95607 -122.0311 784.7827758789062
46.95607 -122.0211 711.51318359375
46.95607 -122.0111 778.6146850585938
46.95607 -122.0011 859.0613403320312
46.95607 -121.9911 983.7625122070312
46.95607 -121.9811 964.0052490234375
46.95607 -121.9711 979.4066162109375
46.95607 -121.9611 1131.870483398438
46.95607 -121.9511 1194.63037109375
46.95607 -121.9411 1252.19482421875
46.95607 -121.9311 1234.058837890625
46.95607 -121.9211 1279.977416992188
46.95607 -121.9111 1249.576538085938
46.95607 -121.9011 1148.948364257812
46.95607 -121.8911 1406.95703125
46.95607 -121.8811 1696.243041992188
46.95607 -121.8711 1653.009765625
46.95607 -121.8611 1240.183471679688
46.95607 -121.8511 1263.293090820312
46.95607 -121.8411 1305.462036132812
46.95607 -121.8311 1439.728759765625
46.95607 -121.8211 1376.116333007812
46.95607 -121.8111 1591.401611328125
46.95607 -121.8011 1101.402587890625
46.95607 -121.7911 940.560546875
46.95607 -121.7811 1393.121826171875
46.95607 -121.7711 1609.437133789062
46.95607 -121.7611 1674.505737304688
46.95607 -121.7511 1774.383056640625
46.95607 -121.7411 1593.814819335938
46.95607 -121.7311 1561.6904296875
46.95607 -121.7211 1445.258544921875
46.95607 -121.7111 1190.89208984375
46.95607 -121.7011 1078.475952148438
46.95607 -121.6911 1586.748657226562
46.95607 -121.6811 1723.671997070312
46.95607 -121.6711 1599.11376953125
46.95607 -121.6611 1511.06494140625
46.95607 -121.6511 1224.352783203125
46.95607 -121.6411 1694.927612304688
46.95607 -121.6311 1625.683471679688
46.95607 -121.6211 1643.6962890625
46.95607 -121.6111 1903.683837890625
46.95607 -121.6011 1684.1884765625
46.95607 -121.5911 1687.54638671875
46.95607 -121.5811 1794.83544921875
46.95607 -121.5711 1646.197631835938
46.95607 -121.5611 1518.025634765625
46.95607 -121.5511 1408.293090820312
46.95607 -121.5411 1144.567016601562
46.95607 -121.5311 888.763427734375
46.95607 -121.5211 1060.7294921875
46.95607 -121.5111 1558.462890625
46.95607 -121.5011 1818.888427734375
46.95607 -121.4911 1581.8798828125
46.95607 -121.4811 1345.373046875
46.95607 -121.4711 1362.252197265625
46.95607 -121.4611 1834.313354492188
46.96607 -122.04111 745.4447021484375
46.96607 -122.0311 767.2138671875
46.96607 -122.0211 676.9468994140625
46.96607 -122.0111 859.1220092773438
46.96607 -122.0011 854.9867553710938
46.96607 -121.9911 900.70751953125
46.96607 -121.9811 959.7529296875
46.96607 -121.9711 947.294189453125
46.96607 -121.9611 1071.623901367188
46.96607 -121.9511 1258.139404296875
46.96607 -121.9411 1330.663940429688
46.96607 -121.9311 1037.15966796875
46.96607 -121.9211 1003.31787109375
46.96607 -121.9111 1164.4765625
46.96607 -121.9011 1479.57763671875
46.96607 -121.8911 1484.124267578125
46.96607 -121.8811 1549.394775390625
46.96607 -121.8711 1305.051391601562
46.96607 -121.8611 1561.1748046875
46.96607 -121.8511 1458.820190429688
46.96607 -121.8411 1049.758544921875
46.96607 -121.8311 980.0082397460938
46.96607 -121.8211 943.6370239257812
46.96607 -121.8111 798.2291870117188
46.96607 -121.8011 837.2756958007812
46.96607 -121.7911 1129.154907226562
46.96607 -121.7811 1494.10791015625
46.96607 -121.7711 1668.126220703125
46.96607 -121.7611 1653.593139648438
46.96607 -121.7511 1672.978271484375
46.96607 -121.7411 1413.759765625
46.96607 -121.7311 1347.448608398438
46.96607 -121.7211 1186.046142578125
46.96607 -121.7111 1083.159423828125
46.96607 -121.7011 1375.799194335938
46.96607 -121.6911 1547.967041015625
46.96607 -121.6811 1703.13623046875
46.96607 -121.6711 1712.763671875
46.96607 -121.6611 1682.919067382812
46.96607 -121.6511 1250.381958007812
46.96607 -121.6411 1241.8388671875
46.96607 -121.6311 1463.078491210938
46.96607 -121.6211 1891.085815429688
46.96607 -121.6111 1774.04296875
46.96607 -121.6011 1625.308471679688
46.96607 -121.5911 1539.3115234375
46.96607 -121.5811 1960.51220703125
46.96607 -121.5711 1648.140014648438
46.96607 -121.5611 1588.839599609375
46.96607 -121.5511 1404.23779296875
46.96607 -121.5411 963.9219360351562
46.96607 -121.5311 861.1344604492188
46.96607 -121.5211 1316.997192382812
46.96607 -121.5111 1675.5390625
46.96607 -121.5011 1487.163818359375
46.96607 -121.4911 1242.437744140625
46.96607 -121.4811 1322.040161132812
46.96607 -121.4711 1669.732543945312
46.96607 -121.4611 1944.796264648438
46.97607 -122.04111 691.8343505859375
46.97607 -122.0311 634.6502685546875
46.97607 -122.0211 712.79638671875
46.97607 -122.0111 851.623046875
46.97607 -122.0011 858.7037353515625
46.97607 -121.9911 941.6150512695312
46.97607 -121.9811 956.45263671875
46.97607 -121.9711 1005.018798828125
46.97607 -121.9611 843.6399536132812
46.97607 -121.9511 1002.639343261719
46.97607 -121.9411 897.3818969726562
46.97607 -121.9311 960.4383544921875
46.97607 -121.9211 1382.978149414062
46.97607 -121.9111 1415.06103515625
46.97607 -121.9011 1379.956176757812
46.97607 -121.8911 1466.445434570312
46.97607 -121.8811 1156.173461914062
46.97607 -121.8711 1371.844116210938
46.97607 -121.8611 976.5184326171875
46.97607 -121.8511 1219.851440429688
46.97607 -121.8411 1069.707641601562
46.97607 -121.8311 716.94287109375
46.97607 -121.8211 742.3729248046875
46.97607 -121.8111 958.7662353515625
46.97607 -121.8011 1270.11865234375
46.97607 -121.7911 1555.785888671875
46.97607 -121.7811 1493.673706054688
46.97607 -121.7711 1335.760986328125
46.97607 -121.7611 1329.426879882812
46.97607 -121.7511 1491.309448242188
46.97607 -121.7411 1409.75
46.97607 -121.7311 1242.707275390625
46.97607 -121.7211 1026.793334960938
46.97607 -121.7111 954.369873046875
46.97607 -121.7011 1266.368041992188
46.97607 -121.6911 1380.062866210938
46.97607 -121.6811 1576.869018554688
46.97607 -121.6711 1597.053588867188
46.97607 -121.6611 1537.17431640625
46.97607 -121.6511 1375.379150390625
46.97607 -121.6411 1103.036010742188
46.97607 -121.6311 1292.464721679688
46.97607 -121.6211 1443.321044921875
46.97607 -121.6111 1787.138427734375
46.97607 -121.6011 1658.405639648438
46.97607 -121.5911 1402.819946289062
46.97607 -121.5811 1893.063598632812
46.97607 -121.5711 1666.758056640625
46.97607 -121.5611 1621.964721679688
46.97607 -121.5511 1145.821044921875
46.97607 -121.5411 838.4912109375
46.97607 -121.5311 1031.038452148438
46.97607 -121.5211 1433.774780273438
46.97607 -121.5111 1399.502807617188
46.97607 -121.5011 1140.435791015625
46.97607 -121.4911 1376.247802734375
46.97607 -121.4811 1736.143310546875
46.97607 -121.4711 1756.911254882812
46.97607 -121.4611 1584.584838867188
46.98607 -122.04111 607.30810546875
46.98607 -122.0311 757.5823364257812
46.98607 -122.0211 806.737060546875
46.98607 -122.0111 709.7935791015625
46.98607 -122.0011 884.9879760742188
46.98607 -121.9911 812.3208618164062
46.98607 -121.9811 743.4169311523438
46.98607 -121.9711 661.3655395507812
46.98607 -121.9611 553.0679931640625
46.98607 -121.9511 568.2412719726562
46.98607 -121.9411 656.2168579101562
46.98607 -121.9311 797.509521484375
46.98607 -121.9211 954.483154296875
46.98607 -121.9111 1187.897338867188
46.98607 -121.9011 978.1422119140625
46.98607 -121.8911 1099.819458007812
46.98607 -121.8811 1084.781372070312
46.98607 -121.8711 1023.861389160156
46.98607 -121.8611 1026.485717773438
46.98607 -121.8511 719.02685546875
46.98607 -121.8411 672.7468872070312
46.98607 -121.8311 884.817138671875
46.98607 -121.8211 1357.927612304688
46.98607 -121.8111 1457.015502929688
46.98607 -121.8011 1554.072143554688
46.98607 -121.7911 1533.39013671875
46.98607 -121.7811 1548.676879882812
46.98607 -121.7711 1221.25732421875
46.98607 -121.7611 1230.8681640625
46.98607 -121.7511 1477.799560546875
46.98607 -121.7411 1511.020629882812
46.98607 -121.7311 1519.556030273438
46.98607 -121.7211 1266.16845703125
46.98607 -121.7111 1068.819091796875
46.98607 -121.7011 1024.98974609375
46.98607 -121.6911 1555.44921875
46.98607 -121.6811 1491.394287109375
46.98607 -121.6711 1830.944091796875
46.98607 -121.6611 1761.895385742188
46.98607 -121.6511 1492.38671875
46.98607 -121.6411 1375.05859375
46.98607 -121.6311 1036.99462890625
46.98607 -121.6211 1169.035766601562
46.98607 -121.6111 1557.214111328125
46.98607 -121.6011 1503.928955078125
46.98607 -121.5911 1423.936401367188
46.98607 -121.5811 1822.717041015625
46.98607 -121.5711 1727.525146484375
46.98607 -121.5611 1586.189819335938
46.98607 -121.5511 1155.566528320312
46.98607 -121.5411 867.8383178710938
46.98607 -121.5311 879.1595458984375
46.98607 -121.5211 1185.349853515625
46.98607 -121.5111 1047.1748046875
46.98607 -121.5011 1215.559692382812
46.98607 -121.4911 1553.314819335938
46.98607 -121.4811 1298.98291015625
46.98607 -121.4711 1493.3544921875
46.98607 -121.4611 1896.437255859375
46.99607 -122.04111 718.6412963867188
46.99607 -122.0311 735.0587768554688
46.99607 -122.0211 724.3632202148438
46.99607 -122.0111 661.2378540039062
46.99607 -122.0011 582.2474975585938
46.99607 -121.9911 509.2228393554688
46.99607 -121.9811 469.6498107910156
46.99607 -121.9711 465.6572875976562
46.99607 -121.9611 485.556884765625
46.99607 -121.9511 539.7018432617188
46.99607 -121.9411 588.9329223632812
46.99607 -121.9311 614.517333984375
46.99607 -121.9211 528.6409301757812
46.99607 -121.9111 544.696044921875
46.99607 -121.9011 556.8637084960938
46.99607 -121.8911 574.00244140625
46.99607 -121.8811 587.775634765625
46.99607 -121.8711 604.77783203125
46.99607 -121.8611 620.2659301757812
46.99607 -121.8511 636.1050415039062
46.99607 -121.8411 775.5466918945312
46.99607 -121.8311 987.592041015625
46.99607 -121.8211 1070.4814453125
46.99607 -121.8111 1086.271606445312
46.99607 -121.8011 1216.791259765625
46.99607 -121.7911 1323.373046875
46.99607 -121.7811 1318.216064453125
46.99607 -121.7711 1142.216186523438
46.99607 -121.7611 1300.949584960938
46.99607 -121.7511 1531.228393554688
46.99607 -121.7411 1233.6318359375
46.99607 -121.7311 1393.824462890625
46.99607 -121.7211 1325.856079101562
46.99607 -121.7111 946.8543701171875
46.99607 -121.7011 875.7879028320312
46.99607 -121.6911 1174.00146484375
46.99607 -121.6811 1516.512939453125
46.99607 -121.6711 1784.812255859375
46.99607 -121.6611 1597.739868164062
46.99607 -121.6511 1460.9013671875
46.99607 -121.6411 1400.42822265625
46.99607 -121.6311 1461.145629882812
46.99607 -121.6211 1018.548889160156
46.99607 -121.6111 1240.858154296875
46.99607 -121.6011 1146.782470703125
46.99607 -121.5911 1513.500610351562
46.99607 -121.5811 1617.011352539062
46.99607 -121.5711 1535.254516601562
46.99607 -121.5611 1506.126220703125
46.99607 -121.5511 1419.289794921875
46.99607 -121.5411 1058.7109375
46.99607 -121.5311 805.1774291992188
46.99607 -121.5211 888.9873657226562
46.99607 -121.5111 1013.482666015625
46.99607 -121.5011 1171.0205078125
46.99607 -121.4911 1215.554809570312
46.99607 -121.4811 1551.043579101562
46.99607 -121.4711 1910.595703125
46.99607 -121.4611 1635.08935546875
47.00607 -122.04111 678.4461059570312
47.00607 -122.0311 634.7421264648438
47.00607 -122.0211 601.2105102539062
47.00607 -122.0111 502.3386840820312
47.00607 -122.0011 432.7295532226562
47.00607 -121.9911 502.1768798828125
47.00607 -121.9811 693.1151123046875
47.00607 -121.9711 725.4279174804688
47.00607 -121.9611 828.6665649414062
47.00607 -121.9511 1037.2470703125
47.00607 -121.9411 1210.255615234375
47.00607 -121.9311 1051.685791015625
47.00607 -121.9211 1037.877563476562
47.00607 -121.9111 913.0921630859375
47.00607 -121.9011 858.4898681640625
47.00607 -121.8911 948.1715698242188
47.00607 -121.8811 979.5436401367188
47.00607 -121.8711 902.8927612304688
47.00607 -121.8611 1066.10107421875
47.00607 -121.8511 1204.58544921875
47.00607 -121.8411 1322.64892578125
47.00607 -121.8311 1204.860595703125
47.00607 -121.8211 1119.740600585938
47.00607 -121.8111 1346.975708007812
47.00607 -121.8011 1285.02001953125
47.00607 -121.7911 1094.442749023438
47.00607 -121.7811 1057.02978515625
47.00607 -121.7711 1265.274169921875
47.00607 -121.7611 1491.994018554688
47.00607 -121.7511 1283.641845703125
47.00607 -121.7411 1526.008422851562
47.00607 -121.7311 1468.155151367188
47.00607 -121.7211 1239.6279296875
47.00607 -121.7111 983.909423828125
47.00607 -121.7011 845.1477661132812
47.00607 -121.6911 1086.096069335938
47.00607 -121.6811 1476.693115234375
47.00607 -121.6711 1657.56982421875
47.00607 -121.6611 1536.08203125
47.00607 -121.6511 1515.463256835938
47.00607 -121.6411 1464.852905273438
47.00607 -121.6311 1380.011840820312
47.00607 -121.6211 1032.866333007812
47.00607 -121.6111 1071.970458984375
47.00607 -121.6011 1281.221069335938
47.00607 -121.5911 1431.370849609375
47.00607 -121.5811 1467.9501953125
47.00607 -121.5711 1236.002807617188
47.00607 -121.5611 1476.997192382812
47.00607 -121.5511 1239.6533203125
47.00607 -121.5411 1071.04296875
47.00607 -121.5311 793.4271240234375
47.00607 -121.5211 876.9476318359375
47.00607 -121.5111 1212.1728515625
47.00607 -121.5011 1409.147827148438
47.00607 -121.4911 1591.943359375
47.00607 -121.4811 1800.597412109375
47.00607 -121.4711 1856.453125
47.00607 -121.4611 1616.965454101562
47.01607 -122.04111 635.1827392578125
47.01607 -122.0311 411.4214782714844
47.01607 -122.0211 401.2466125488281
47.01607 -122.0111 509.2691955566406
47.01607 -122.0011 640.2178955078125
47.01607 -121.9911 763.9315185546875
47.01607 -121.9811 870.0077514648438
47.01607 -121.9711 894.8259887695312
47.01607 -121.9611 883.1346435546875
47.01607 -121.9511 1111.08544921875
47.01607 -121.9411 1161.3115234375
47.01607 -121.9311 1314.961181640625
47.01607 -121.9211 1442.899536132812
47.01607 -121.9111 1574.253173828125
47.01607 -121.9011 1511.788818359375
47.01607 -121.8911 1640.955810546875
47.01607 -121.8811 1538.735473632812
47.01607 -121.8711 1220.368530273438
47.01607 -121.8611 1138.098022460938
47.01607 -121.8511 1069.207153320312
47.01607 -121.8411 1261.246459960938
47.01607 -121.8311 1274.25830078125
47.01607 -121.8211 1475.330444335938
47.01607 -121.8111 1529.156372070312
47.01607 -121.8011 1710.228637695312
47.01607 -121.7911 1522.035522460938
47.01607 -121.7811 1320.228637695312
47.01607 -121.7711 1677.3173828125
47.01607 -121.7611 1336.960083007812
47.01607 -121.7511 1140.624633789062
47.01607 -121.7411 1322.189331054688
47.01607 -121.7311 1513.616821289062
47.01607 -121.7211 1615.853759765625
47.01607 -121.7111 1112.435791015625
47.01607 -121.7011 817.3768310546875
47.01607 -121.6911 1042.463134765625
47.01607 -121.6811 1441.3125
47.01607 -121.6711 1519.362060546875
47.01607 -121.6611 1435.03076171875
47.01607 -121.6511 1422.977172851562
47.01607 -121.6411 1225.299560546875
47.01607 -121.6311 1370.077026367188
47.01607 -121.6211 963.4862670898438
47.01607 -121.6111 1065.977294921875
47.01607 -121.6011 1491.813720703125
47.01607 -121.5911 1621.344970703125
47.01607 -121.5811 1191.089599609375
47.01607 -121.5711 1051.989990234375
47.01607 -121.5611 980.216064453125
47.01607 -121.5511 926.5914306640625
47.01607 -121.5411 810.2914428710938
47.01607 -121.5311 771.3831176757812
47.01607 -121.5211 1135.8828125
47.01607 -121.5111 1285.26025390625
47.01607 -121.5011 1217.557739257812
47.01607 -121.4911 1414.393310546875
47.01607 -121.4811 1548.697021484375
47.01607 -121.4711 1650.119750976562
47.01607 -121.4611 1779.480224609375
47.02607 -122.04111 498.7015380859375
47.02607 -122.0311 392.6397705078125
47.02607 -122.0211 636.9149169921875
47.02607 -122.0111 708.5313720703125
47.02607 -122.0011 676.525146484375
47.02607 -121.9911 761.3413696289062
47.02607 -121.9811 840.5020141601562
47.02607 -121.9711 723.5724487304688
47.02607 -121.9611 793.4892578125
47.02607 -121.9511 964.2081298828125
47.02607 -121.9411 1251.218505859375
47.02607 -121.9311 1388.061889648438
47.02607 -121.9211 1128.72314453125
47.02607 -121.9111 1227.261108398438
47.02607 -121.9011 1138.024291992188
47.02607 -121.8911 1407.471069335938
47.02607 -121.8811 1516.877319335938
47.02607 -121.8711 1647.853759765625
47.02607 -121.8611 1436.041870117188
47.02607 -121.8511 1382.957885742188
47.02607 -121.8411 1213.914184570312
47.02607 -121.8311 1184.734130859375
47.02607 -121.8211 1619.42724609375
47.02607 -121.8111 1610.632690429688
47.02607 -121.8011 1251.627075195312
47.02607 -121.7911 1396.796875
47.02607 -121.7811 1240.359008789062
47.02607 -121.7711 1570.730102539062
47.02607 -121.7611 1537.259765625
47.02607 -121.7511 1105.338989257812
47.02607 -121.7411 1062.522094726562
47.02607 -121.7311 1270.320190429688
47.02607 -121.7211 1247.760620117188
47.02607 -121.7111 960.7952270507812
47.02607 -121.7011 809.900634765625
47.02607 -121.6911 876.893798828125
47.02607 -121.6811 1033.092407226562
47.02607 -121.6711 1178.900756835938
47.02607 -121.6611 1479.088012695312
47.02607 -121.6511 1431.09814453125
47.02607 -121.6411 1051.012084960938
47.02607 -121.6311 1034.58251953125
47.02607 -121.6211 944.5042114257812
47.02607 -121.6111 1349.394653320312
47.02607 -121.6011 1231.590209960938
47.02607 -121.5911 1517.627197265625
47.02607 -121.5811 1379.75439453125
47.02607 -121.5711 1063.781616210938
47.02607 -121.5611 801.082763671875
47.02607 -121.5511 771.8685302734375
47.02607 -121.5411 760.6757202148438
47.02607 -121.5311 911.6177978515625
47.02607 -121.5211 1090.885498046875
47.02607 -121.5111 1489.555419921875
47.02607 -121.5011 1506.019897460938
47.02607 -121.4911 1723.170166015625
47.02607 -121.4811 1749.876098632812
47.02607 -121.4711 1678.19287109375
47.02607 -121.4611 1733.509155273438
47.03607 -122.04111 512.7597045898438
47.03607 -122.0311 552.0902709960938
47.03607 -122.0211 699.826416015625
47.03607 -122.0111 661.1085815429688
47.03607 -122.0011 638.7708740234375
47.03607 -121.9911 759.6719360351562
47.03607 -121.9811 659.2437744140625
47.03607 -121.9711 699.6142578125
47.03607 -121.9611 992.1154174804688
47.03607 -121.9511 1014.939270019531
47.03607 -121.9411 1156.173461914062
47.03607 -121.9311 1250.640747070312
47.03607 -121.9211 1259.312377929688
47.03607 -121.9111 926.6316528320312
47.03607 -121.9011 983.33642578125
47.03607 -121.8911 1367.889892578125
47.03607 -121.8811 1335.484008789062
47.03607 -121.8711 1230.340698242188
47.03607 -121.8611 1578.819946289062
47.03607 -121.8511 1503.12548828125
47.03607 -121.8411 1533.481079101562
47.03607 -121.8311 1562.987426757812
47.03607 -121.8211 1632.414916992188
47.03607 -121.8111 1424.37841796875
47.03607 -121.8011 1087.662353515625
47.03607 -121.7911 929.7484741210938
47.03607 -121.7811 1076.664428710938
47.03607 -121.7711 1463.766479492188
47.03607 -121.7611 1203.451904296875
47.03607 -121.7511 1408.0283203125
47.03607 -121.7411 1085.8828125
47.03607 -121.7311 932.4689331054688
47.03607 -121.7211 974.2916259765625
47.03607 -121.7111 992.7574462890625
47.03607 -121.7011 783.0529174804688
47.03607 -121.6911 769.3153686523438
47.03607 -121.6811 994.0208129882812
47.03607 -121.6711 1257.69775390625
47.03607 -121.6611 1234.702392578125
47.03607 -121.6511 1428.47314453125
47.03607 -121.6411 1075.6328125
47.03607 -121.6311 952.3243408203125
47.03607 -121.6211 854.5808715820312
47.03607 -121.6111 1190.703857421875
47.03607 -121.6011 1408.197265625
47.03607 -121.5911 1358.393310546875
47.03607 -121.5811 1248.979370117188
47.03607 -121.5711 779.6284790039062
47.03607 -121.5611 743.4302368164062
47.03607 -121.5511 959.3536987304688
47.03607 -121.5411 1321.905883789062
47.03607 -121.5311 1421.864135742188
47.03607 -121.5211 1085.003173828125
47.03607 -121.5111 1436.398681640625
47.03607 -121.5011 1573.005981445312
47.03607 -121.4911 1830.623657226562
47.03607 -121.4811 1581.364868164062
47.03607 -121.4711 1623.463745117188
47.03607 -121.4611 1374.312866210938
47.04607 -122.04111 499.0707397460938
47.04607 -122.0311 587.421142578125
47.04607 -122.0211 621.6566162109375
47.04607 -122.0111 649.3502197265625
47.04607 -122.0011 588.4189453125
47.04607 -121.9911 694.8380737304688
47.04607 -121.9811 575.2427978515625
47.04607 -121.9711 710.905517578125
47.04607 -121.9611 905.8665161132812
47.04607 -121.9511 1113.554077148438
47.04607 -121.9411 1240.287353515625
47.04607 -121.9311 1143.237670898438
47.04607 -121.9211 1191.62158203125
47.04607 -121.9111 783.8290405273438
47.04607 -121.9011 1162.120727539062
47.04607 -121.8911 1277.487548828125
47.04607 -121.8811 980.7113037109375
47.04607 -121.8711 1435.8623046875
47.04607 -121.8611 1529.897094726562
47.04607 -121.8511 1269.265747070312
47.04607 -121.8411 1402.474487304688
47.04607 -121.8311 1543.751586914062
47.04607 -121.8211 1153.821533203125
47.04607 -121.8111 1245.188232421875
47.04607 -121.8011 1310.277099609375
47.04607 -121.7911 942.7681274414062
47.04607 -121.7811 889.0187377929688
47.04607 -121.7711 1184.40576171875
47.04607 -121.7611 1223.662231445312
47.04607 -121.7511 1360.538452148438
47.04607 -121.7411 1144.4638671875
47.04607 -121.7311 1166.518188476562
47.04607 -121.7211 1068.267700195312
47.04607 -121.7111 821.9325561523438
47.04607 -121.7011 764.457763671875
47.04607 -121.6911 775.5830078125
47.04607 -121.6811 937.4782104492188
47.04607 -121.6711 1046.107421875
47.04607 -121.6611 1235.021484375
47.04607 -121.6511 1342.346069335938
47.04607 -121.6411 1067.177612304688
47.04607 -121.6311 988.5709228515625
47.04607 -121.6211 777.6736450195312
47.04607 -121.6111 974.0052490234375
47.04607 -121.6011 1220.961059570312
47.04607 -121.5911 1252.328491210938
47.04607 -121.5811 994.1655883789062
47.04607 -121.5711 690.9570922851562
47.04607 -121.5611 1076.267700195312
47.04607 -121.5511 1209.123779296875
47.04607 -121.5411 1401.886840820312
47.04607 -121.5311 1424.485229492188
47.04607 -121.5211 1489.692749023438
47.04607 -121.5111 1735.9736328125
47.04607 -121.5011 1511.178588867188
47.04607 -121.4911 1772.600219726562
47.04607 -121.4811 1463.462890625
47.04607 -121.4711 1317.86181640625
47.04607 -121.4611 1221.315185546875
47.05607 -122.04111 443.6299438476562
47.05607 -122.0311 556.2200317382812
47.05607 -122.0211 555.8790283203125
47.05607 -122.0111 644.4281005859375
47.05607 -122.0011 483.8610534667969
47.05607 -121.9911 514.25341796875
47.05607 -121.9811 636.44677734375
47.05607 -121.9711 663.5389404296875
47.05607 -121.9611 733.709228515625
47.05607 -121.9511 926.8578491210938
47.05607 -121.9411 997.5396118164062
47.05607 -121.9311 997.2821044921875
47.05607 -121.9211 865.2456665039062
47.05607 -121.9111 668.8397216796875
47.05607 -121.9011 816.474609375
47.05607 -121.8911 813.8604736328125
47.05607 -121.8811 1010.56787109375
47.05607 -121.8711 1337.172607421875
47.05607 -121.8611 1142.552856445312
47.05607 -121.8511 979.5750732421875
47.05607 -121.8411 1364.04931640625
47.05607 -121.8311 1349.853149414062
47.05607 -121.8211 1095.800659179688
47.05607 -121.8111 927.0130004882812
47.05607 -121.8011 1316.03369140625
47.05607 -121.7911 1150.539184570312
47.05607 -121.7811 737.5028076171875
47.05607 -121.7711 997.7221069335938
47.05607 -121.7611 1205.792724609375
47.05607 -121.7511 1471.647216796875
47.05607 -121.7411 1431.01513671875
47.05607 -121.7311 1100.180908203125
47.05607 -121.7211 1091.559326171875
47.05607 -121.7111 1136.070678710938
47.05607 -121.7011 882.1636962890625
47.05607 -121.6911 735.7442016601562
47.05607 -121.6811 863.0960083007812
47.05607 -121.6711 1177.601928710938
47.05607 -121.6611 1307.530517578125
47.05607 -121.6511 1386.47900390625
47.05607 -121.6411 1141.243774414062
47.05607 -121.6311 903.0838623046875
47.05607 -121.6211 810.274658203125
47.05607 -121.6111 718.1998901367188
47.05607 -121.6011 853.9650268554688
47.05607 -121.5911 955.1408081054688
47.05607 -121.5811 932.9351196289062
47.05607 -121.5711 787.4952392578125
47.05607 -121.5611 1142.017944335938
47.05607 -121.5511 1424.160034179688
47.05607 -121.5411 1461.391357421875
47.05607 -121.5311 1493.674926757812
47.05607 -121.5211 1513.678466796875
47.05607 -121.5111 1273.707275390625
47.05607 -121.5011 1591.95654296875
47.05607 -121.4911 1593.69873046875
47.05607 -121.4811 1431.54833984375
47.05607 -121.4711 1545.381225585938
47.05607 -121.4611 1197.6533203125
47.06607 -122.04111 425.4609680175781
47.06607 -122.0311 527.9639282226562
47.06607 -122.0211 524.9176025390625
47.06607 -122.0111 567.4838256835938
47.06607 -122.0011 441.9250183105469
47.06607 -121.9911 572.4790649414062
47.06607 -121.9811 581.2192993164062
47.06607 -121.9711 573.676025390625
47.06607 -121.9611 661.27783203125
47.06607 -121.9511 862.6471557617188
47.06607 -121.9411 906.8600463867188
47.06607 -121.9311 776.5521850585938
47.06607 -121.9211 590.2406005859375
47.06607 -121.9111 738.4501953125
47.06607 -121.9011 988.28466796875
47.06607 -121.8911 1139.815185546875
47.06607 -121.8811 985.2665405273438
47.06607 -121.8711 891.468505859375
47.06607 -121.8611 1066.754516601562
47.06607 -121.8511 1346.022338867188
47.06607 -121.8411 1424.949951171875
47.06607 -121.8311 1388.52734375
47.06607 -121.8211 1391.903076171875
47.06607 -121.8111 1060.28125
47.06607 -121.8011 813.7972412109375
47.06607 -121.7911 835.7127685546875
47.06607 -121.7811 703.6578979492188
47.06607 -121.7711 956.3243408203125
47.06607 -121.7611 1238.669067382812
47.06607 -121.7511 1097.33349609375
47.06607 -121.7411 1246.049682617188
47.06607 -121.7311 1371.203247070312
47.06607 -121.7211 1182.376953125
47.06607 -121.7111 1291.268432617188
47.06607 -121.7011 964.6751708984375
47.06607 -121.6911 762.2401123046875
47.06607 -121.6811 771.5803833007812
47.06607 -121.6711 1066.455688476562
47.06607 -121.6611 1396.720092773438
47.06607 -121.6511 1403.493530273438
47.06607 -121.6411 1329.153564453125
47.06607 -121.6311 1135.718505859375
47.06607 -121.6211 1124.548095703125
47.06607 -121.6111 806.1113891601562
47.06607 -121.6011 776.8358764648438
47.06607 -121.5911 681.82080078125
47.06607 -121.5811 663.65185546875
47.06607 -121.5711 811.2994384765625
47.06607 -121.5611 832.5252075195312
47.06607 -121.5511 984.4330444335938
47.06607 -121.5411 1231.009643554688
47.06607 -121.5311 1554.673828125
47.06607 -121.5211 1562.749389648438
47.06607 -121.5111 1167.4794921875
47.06607 -121.5011 1444.564697265625
47.06607 -121.4911 1366.84228515625
47.06607 -121.4811 1190.550170898438
47.06607 -121.4711 1493.473754882812
47.06607 -121.4611 1409.1025390625
47.07607 -122.04111 376.0762329101562
47.07607 -122.0311 513.5668334960938
47.07607 -122.0211 516.2506713867188
47.07607 -122.0111 447.8585205078125
47.07607 -122.0011 416.4750671386719
47.07607 -121.9911 562.8085327148438
47.07607 -121.9811 532.1507568359375
47.07607 -121.9711 509.2913818359375
47.07607 -121.9611 631.3604125976562
47.07607 -121.9511 690.519287109375
47.07607 -121.9411 598.4517822265625
47.07607 -121.9311 562.5585327148438
47.07607 -121.9211 746.19580078125
47.07607 -121.9111 878.3972778320312
47.07607 -121.9011 945.7952880859375
47.07607 -121.8911 811.3012084960938
47.07607 -121.8811 897.0748901367188
47.07607 -121.8711 1158.7880859375
47.07607 -121.8611 1242.888427734375
47.07607 -121.8511 1386.367553710938
47.07607 -121.8411 1282.086059570312
47.07607 -121.8311 1338.523681640625
47.07607 -121.8211 1231.961059570312
47.07607 -121.8111 1326.71875
47.07607 -121.8011 1192.053833007812
47.07607 -121.7911 880.9967041015625
47.07607 -121.7811 677.6519165039062
47.07607 -121.7711 880.17822265625
47.07607 -121.7611 1007.482360839844
47.07607 -121.7511 903.8062744140625
47.07607 -121.7411 1070.111328125
47.07607 -121.7311 1139.881103515625
47.07607 -121.7211 1023.865966796875
47.07607 -121.7111 1368.956298828125
47.07607 -121.7011 1139.317993164062
47.07607 -121.6911 910.0405883789062
47.07607 -121.6811 678.5642700195312
47.07607 -121.6711 860.591552734375
47.07607 -121.6611 1125.95556640625
47.07607 -121.6511 1131.775268554688
47.07607 -121.6411 1130.444091796875
47.07607 -121.6311 1256.279296875
47.07607 -121.6211 1064.760009765625
47.07607 -121.6111 1089.06787109375
47.07607 -121.6011 855.7716674804688
47.07607 -121.5911 658.46240234375
47.07607 -121.5811 646.3550415039062
47.07607 -121.5711 920.6033935546875
47.07607 -121.5611 1131.051513671875
47.07607 -121.5511 1403.082153320312
47.07607 -121.5411 1465.716918945312
47.07607 -121.5311 1414.3857421875
47.07607 -121.5211 1176.286987304688
47.07607 -121.5111 1266.300537109375
47.07607 -121.5011 1310.099243164062
47.07607 -121.4911 1184.775268554688
47.07607 -121.4811 1212.701538085938
47.07607 -121.4711 1517.303833007812
47.07607 -121.4611 1337.835083007812
47.08607 -122.04111 400.1001892089844
47.08607 -122.0311 429.7091674804688
47.08607 -122.0211 499.1315002441406
47.08607 -122.0111 390.5789794921875
47.08607 -122.0011 402.8662414550781
47.08607 -121.9911 471.5241394042969
47.08607 -121.9811 506.9159851074219
47.08607 -121.9711 531.9327392578125
47.08607 -121.9611 597.9505004882812
47.08607 -121.9511 471.5096130371094
47.08607 -121.9411 650.7533569335938
47.08607 -121.9311 702.1380004882812
47.08607 -121.9211 738.9227905273438
47.08607 -121.9111 787.8482055664062
47.08607 -121.9011 865.974609375
47.08607 -121.8911 964.7472534179688
47.08607 -121.8811 1076.441040039062
47.08607 -121.8711 1248.309814453125
47.08607 -121.8611 1413.575073242188
47.08607 -121.8511 1290.876586914062
47.08607 -121.8411 1109.176391601562
47.08607 -121.8311 1110.485961914062
47.08607 -121.8211 1269.630249023438
47.08607 -121.8111 1054.7763671875
47.08607 -121.8011 1262.355590820312
47.08607 -121.7911 832.5088500976562
47.08607 -121.7811 625.0189819335938
47.08607 -121.7711 898.3031616210938
47.08607 -121.7611 633.6187744140625
47.08607 -121.7511 689.0078125
47.08607 -121.7411 760.9261474609375
47.08607 -121.7311 977.6160278320312
47.08607 -121.7211 1220.53076171875
47.08607 -121.7111 1470.091552734375
47.08607 -121.7011 1155.902465820312
47.08607 -121.6911 1152.064819335938
47.08607 -121.6811 858.4015502929688
47.08607 -121.6711 655.4000854492188
47.08607 -121.6611 731.34765625
47.08607 -121.6511 833.04150390625
47.08607 -121.6411 934.0584716796875
47.08607 -121.6311 1076.002685546875
47.08607 -121.6211 1165.78271484375
47.08607 -121.6111 1171.232666015625
47.08607 -121.6011 907.8562622070312
47.08607 -121.5911 620.5564575195312
47.08607 -121.5811 670.4334106445312
47.08607 -121.5711 918.2698364257812
47.08607 -121.5611 1248.739013671875
47.08607 -121.5511 1433.729248046875
47.08607 -121.5411 1429.187133789062
47.08607 -121.5311 1291.38427734375
47.08607 -121.5211 1086.94140625
47.08607 -121.5111 1320.461303710938
47.08607 -121.5011 1338.974365234375
47.08607 -121.4911 1214.33935546875
47.08607 -121.4811 1002.859619140625
47.08607 -121.4711 1208.878173828125
47.08607 -121.4611 1042.971923828125
47.09607 -122.04111 358.3809509277344
47.09607 -122.0311 359.9450988769531
47.09607 -122.0211 380.4377136230469
47.09607 -122.0111 446.0539855957031
47.09607 -122.0011 503.8411865234375
47.09607 -121.9911 517.7403564453125
47.09607 -121.9811 534.8507080078125
47.09607 -121.9711 546.5985717773438
47.09607 -121.9611 560.558837890625
47.09607 -121.9511 437.5884094238281
47.09607 -121.9411 619.5454711914062
47.09607 -121.9311 620.2245483398438
47.09607 -121.9211 699.4078369140625
47.09607 -121.9111 869.8596801757812
47.09607 -121.9011 973.2262573242188
47.09607 -121.8911 1036.08349609375
47.09607 -121.8811 1103.124267578125
47.09607 -121.8711 1200.430419921875
47.09607 -121.8611 1288.906372070312
47.09607 -121.8511 1142.373291015625
47.09607 -121.8411 999.2857055664062
47.09607 -121.8311 1136.421752929688
47.09607 -121.8211 1333.834228515625
47.09607 -121.8111 1136.68896484375
47.09607 -121.8011 1005.691772460938
47.09607 -121.7911 900.861083984375
47.09607 -121.7811 531.551513671875
47.09607 -121.7711 823.61474609375
47.09607 -121.7611 1104.546997070312
47.09607 -121.7511 1093.539794921875
47.09607 -121.7411 1051.365356445312
47.09607 -121.7311 1070.14208984375
47.09607 -121.7211 1292.5302734375
47.09607 -121.7111 1355.337036132812
47.09607 -121.7011 1364.427734375
47.09607 -121.6911 1233.244506835938
47.09607 -121.6811 932.3267822265625
47.09607 -121.6711 865.9546508789062
47.09607 -121.6611 634.06103515625
47.09607 -121.6511 709.0862426757812
47.09607 -121.6411 723.3533325195312
47.09607 -121.6311 1051.4453125
47.09607 -121.6211 826.130615234375
47.09607 -121.6111 857.5215454101562
47.09607 -121.6011 649.9105834960938
47.09607 -121.5911 615.2545776367188
47.09607 -121.5811 731.0529174804688
47.09607 -121.5711 905.7002563476562
47.09607 -121.5611 1216.209838867188
47.09607 -121.5511 1289.372436523438
47.09607 -121.5411 1173.298706054688
47.09607 -121.5311 966.23388671875
47.09607 -121.5211 1117.19189453125
47.09607 -121.5111 1081.088134765625
47.09607 -121.5011 1169.725219726562
47.09607 -121.4911 1125.629760742188
47.09607 -121.4811 992.1008911132812
47.09607 -121.4711 930.743408203125
47.09607 -121.4611 875.9865112304688
