-0.09747164563914423 -0.1018797417811406 262.9619750976562
-0.09747164563914423 5093.885222176041 292.008056640625
-0.09747164563914423 10187.872324095311 271.8841247558594
-0.09747164563914423 15281.85942601313 315.8054504394531
-0.09747164563914423 20375.846527930953 318.2532958984375
-0.09747164563914423 25469.833629848774 298.1510925292969
-0.09747164563914423 30563.820731766595 270.6744689941406
-0.09747164563914423 35657.80783368587 276.5070495605469
-0.09747164563914423 40751.794935603684 269.5934448242188
-0.09747164563914423 45845.78203752151 246.4462280273438
-0.09747164563914423 50939.76913943933 274.9657897949219
-0.09747164563914423 56033.75624135716 268.93505859375
-0.09747164563914423 61127.74334327642 226.6360168457031
-0.09747164563914423 66221.73044519425 172.3278045654297
-0.09747164563914423 71315.71754711207 219.8975067138672
-0.09747164563914423 76409.70464902988 265.6953125
-0.09747164563914423 81503.6917509477 208.3319396972656
-0.09747164563914423 86597.67885286697 201.8701324462891
-0.09747164563914423 91691.6659547848 195.1814880371094
-0.09747164563914423 96785.65305670262 134.1661682128906
-0.09747164563914423 101879.64015862043 121.6535034179688
-0.09747164563914423 106973.62726053825 257.3140563964844
-0.09747164563914423 112067.61436245753 179.5170745849609
-0.09747164563914423 117161.60146437534 171.8959350585938
-0.09747164563914423 122255.58856629317 139.1243591308594
-0.09747164563914423 127349.57566821101 155.5785675048828
-0.09747164563914423 132443.56277012883 133.4135894775391
-0.09747164563914423 137537.54987204808 95.99219512939453
-0.09747164563914423 142631.5369739659 150.8440399169922
-0.09747164563914423 147725.52407588373 105.1343612670898
-0.09747164563914423 152819.51117780156 93.4500732421875
-0.09747164563914423 157913.49827971935 90.47361755371094
-0.09747164563914423 163007.48538163863 89.56623840332031
-0.09747164563914423 168101.47248355646 99.38642120361328
-0.09747164563914423 173195.45958547428 90.70338439941406
-0.09747164563914423 178289.4466873921 90.77134704589844
-0.09747164563914423 183383.43378930996 91.51158142089844
-0.09747164563914423 188477.4208912292 96.37529754638672
-0.09747164563914423 193571.40799314703 95.51603698730469
-0.09747164563914423 198665.39509506486 93.20407104492188
4873.484822615908 -0.1018797417811406 292.0569152832031
4873.484822615908 5093.885222176041 307.5583190917969
4873.484822615908 10187.872324095311 309.7701110839844
4873.484822615908 15281.85942601313 351.7337951660156
4873.484822615908 20375.846527930953 330.3777465820312
4873.484822615908 25469.833629848774 340.1424255371094
4873.484822615908 30563.820731766595 310.3115844726562
4873.484822615908 35657.80783368587 324.6360168457031
4873.484822615908 40751.794935603684 275.2595520019531
4873.484822615908 45845.78203752151 298.0438537597656
4873.484822615908 50939.76913943933 294.0657348632812
4873.484822615908 56033.75624135716 273.7301025390625
4873.484822615908 61127.74334327642 231.4622650146484
4873.484822615908 66221.73044519425 233.1954193115234
4873.484822615908 71315.71754711207 269.3322448730469
4873.484822615908 76409.70464902988 226.7694244384766
4873.484822615908 81503.6917509477 215.9731597900391
4873.484822615908 86597.67885286697 201.1131134033203
4873.484822615908 91691.6659547848 236.5797576904297
4873.484822615908 96785.65305670262 183.9359741210938
4873.484822615908 101879.64015862043 180.6902008056641
4873.484822615908 106973.62726053825 187.2504119873047
4873.484822615908 112067.61436245753 195.7207336425781
4873.484822615908 117161.60146437534 177.7309875488281
4873.484822615908 122255.58856629317 186.9268493652344
4873.484822615908 127349.57566821101 184.5824432373047
4873.484822615908 132443.56277012883 139.8719940185547
4873.484822615908 137537.54987204808 101.6943283081055
4873.484822615908 142631.5369739659 161.8092346191406
4873.484822615908 147725.52407588373 144.9325714111328
4873.484822615908 152819.51117780156 131.4082183837891
4873.484822615908 157913.49827971935 106.0834732055664
4873.484822615908 163007.48538163863 93.83202362060547
4873.484822615908 168101.47248355646 93.51068115234375
4873.484822615908 173195.45958547428 93.14912414550781
4873.484822615908 178289.4466873921 93.23099517822266
4873.484822615908 183383.43378930996 93.3509292602539
4873.484822615908 188477.4208912292 93.09944152832031
4873.484822615908 193571.40799314703 93.5359878540039
4873.484822615908 198665.39509506486 94.17283630371094
9747.067116877455 -0.1018797417811406 214.4754333496094
9747.067116877455 5093.885222176041 248.192138671875
9747.067116877455 10187.872324095311 278.3856201171875
9747.067116877455 15281.85942601313 285.6658630371094
9747.067116877455 20375.846527930953 321.182373046875
9747.067116877455 25469.833629848774 341.4896850585938
9747.067116877455 30563.820731766595 343.2545471191406
9747.067116877455 35657.80783368587 316.39990234375
9747.067116877455 40751.794935603684 321.1099243164062
9747.067116877455 45845.78203752151 286.2049255371094
9747.067116877455 50939.76913943933 274.9366760253906
9747.067116877455 56033.75624135716 227.7549591064453
9747.067116877455 61127.74334327642 255.6077423095703
9747.067116877455 66221.73044519425 293.1863403320312
9747.067116877455 71315.71754711207 280.4860229492188
9747.067116877455 76409.70464902988 287.4873657226562
9747.067116877455 81503.6917509477 242.9535827636719
9747.067116877455 86597.67885286697 236.0665740966797
9747.067116877455 91691.6659547848 203.8135375976562
9747.067116877455 96785.65305670262 205.3907012939453
9747.067116877455 101879.64015862043 191.4495849609375
9747.067116877455 106973.62726053825 218.3603515625
9747.067116877455 112067.61436245753 234.9665069580078
9747.067116877455 117161.60146437534 212.037841796875
9747.067116877455 122255.58856629317 216.3735198974609
9747.067116877455 127349.57566821101 185.7030334472656
9747.067116877455 132443.56277012883 111.6886901855469
9747.067116877455 137537.54987204808 139.7042236328125
9747.067116877455 142631.5369739659 167.7953948974609
9747.067116877455 147725.52407588373 162.8053741455078
9747.067116877455 152819.51117780156 152.1067657470703
9747.067116877455 157913.49827971935 146.2786560058594
9747.067116877455 163007.48538163863 110.0568771362305
9747.067116877455 168101.47248355646 114.5116195678711
9747.067116877455 173195.45958547428 106.9363861083984
9747.067116877455 178289.4466873921 99.49767303466797
9747.067116877455 183383.43378930996 94.81796264648438
9747.067116877455 188477.4208912292 95.7201156616211
9747.067116877455 193571.40799314703 96.7558822631836
9747.067116877455 198665.39509506486 95.6376953125
14620.649411139693 -0.1018797417811406 261.9033203125
14620.649411139693 5093.885222176041 321.2255859375
14620.649411139693 10187.872324095311 331.39794921875
14620.649411139693 15281.85942601313 306.065185546875
14620.649411139693 20375.846527930953 301.1951599121094
14620.649411139693 25469.833629848774 350.3219909667969
14620.649411139693 30563.820731766595 326.4318542480469
14620.649411139693 35657.80783368587 302.7040710449219
14620.649411139693 40751.794935603684 288.8516235351562
14620.649411139693 45845.78203752151 300.2162170410156
14620.649411139693 50939.76913943933 259.1654357910156
14620.649411139693 56033.75624135716 281.6134948730469
14620.649411139693 61127.74334327642 297.4513854980469
14620.649411139693 66221.73044519425 292.356201171875
14620.649411139693 71315.71754711207 286.2384033203125
14620.649411139693 76409.70464902988 265.1686401367188
14620.649411139693 81503.6917509477 270.184326171875
14620.649411139693 86597.67885286697 311.193115234375
14620.649411139693 91691.6659547848 261.3319091796875
14620.649411139693 96785.65305670262 244.5140228271484
14620.649411139693 101879.64015862043 223.7827606201172
14620.649411139693 106973.62726053825 236.0617218017578
14620.649411139693 112067.61436245753 229.1911315917969
14620.649411139693 117161.60146437534 194.8755035400391
14620.649411139693 122255.58856629317 129.0621185302734
14620.649411139693 127349.57566821101 181.1845245361328
14620.649411139693 132443.56277012883 162.2076568603516
14620.649411139693 137537.54987204808 196.0016632080078
14620.649411139693 142631.5369739659 170.6135864257812
14620.649411139693 147725.52407588373 128.8077697753906
14620.649411139693 152819.51117780156 124.4008026123047
14620.649411139693 157913.49827971935 167.478515625
14620.649411139693 163007.48538163863 106.5284652709961
14620.649411139693 168101.47248355646 111.5378723144531
14620.649411139693 173195.45958547428 103.9403457641602
14620.649411139693 178289.4466873921 98.17581939697266
14620.649411139693 183383.43378930996 99.69662475585938
14620.649411139693 188477.4208912292 99.34867095947266
14620.649411139693 193571.40799314703 96.64186096191406
14620.649411139693 198665.39509506486 96.87352752685547
19494.231705401242 -0.1018797417811406 294.2477111816406
19494.231705401242 5093.885222176041 309.2757568359375
19494.231705401242 10187.872324095311 314.2320861816406
19494.231705401242 15281.85942601313 332.9698791503906
19494.231705401242 20375.846527930953 327.774658203125
19494.231705401242 25469.833629848774 356.8167724609375
19494.231705401242 30563.820731766595 340.0073547363281
19494.231705401242 35657.80783368587 350.727294921875
19494.231705401242 40751.794935603684 328.5072631835938
19494.231705401242 45845.78203752151 310.6591186523438
19494.231705401242 50939.76913943933 307.8060607910156
19494.231705401242 56033.75624135716 294.7516174316406
19494.231705401242 61127.74334327642 282.2438354492188
19494.231705401242 66221.73044519425 216.6030731201172
19494.231705401242 71315.71754711207 261.0767211914062
19494.231705401242 76409.70464902988 260.3899841308594
19494.231705401242 81503.6917509477 273.1707153320312
19494.231705401242 86597.67885286697 271.1426086425781
19494.231705401242 91691.6659547848 268.8696594238281
19494.231705401242 96785.65305670262 226.3719482421875
19494.231705401242 101879.64015862043 243.3021545410156
19494.231705401242 106973.62726053825 263.4257202148438
19494.231705401242 112067.61436245753 249.3558044433594
19494.231705401242 117161.60146437534 235.5512390136719
19494.231705401242 122255.58856629317 181.0000915527344
19494.231705401242 127349.57566821101 175.3217315673828
19494.231705401242 132443.56277012883 173.68310546875
19494.231705401242 137537.54987204808 203.0954742431641
19494.231705401242 142631.5369739659 166.5501251220703
19494.231705401242 147725.52407588373 170.1425933837891
19494.231705401242 152819.51117780156 182.5008544921875
19494.231705401242 157913.49827971935 171.3150024414062
19494.231705401242 163007.48538163863 170.3344421386719
19494.231705401242 168101.47248355646 133.6105041503906
19494.231705401242 173195.45958547428 153.7793579101562
19494.231705401242 178289.4466873921 103.9948959350586
19494.231705401242 183383.43378930996 103.2606887817383
19494.231705401242 188477.4208912292 100.1376800537109
19494.231705401242 193571.40799314703 98.00540161132812
19494.231705401242 198665.39509506486 99.83443450927734
24367.81399966348 -0.1018797417811406 268.0984802246094
24367.81399966348 5093.885222176041 264.0513000488281
24367.81399966348 10187.872324095311 326.9371337890625
24367.81399966348 15281.85942601313 347.1291198730469
24367.81399966348 20375.846527930953 319.5904541015625
24367.81399966348 25469.833629848774 378.0252380371094
24367.81399966348 30563.820731766595 371.2698364257812
24367.81399966348 35657.80783368587 338.4864501953125
24367.81399966348 40751.794935603684 345.8646240234375
24367.81399966348 45845.78203752151 311.3536682128906
24367.81399966348 50939.76913943933 282.0025939941406
24367.81399966348 56033.75624135716 253.2773590087891
24367.81399966348 61127.74334327642 236.6956176757812
24367.81399966348 66221.73044519425 272.8486328125
24367.81399966348 71315.71754711207 298.082275390625
24367.81399966348 76409.70464902988 251.2818908691406
24367.81399966348 81503.6917509477 178.3491516113281
24367.81399966348 86597.67885286697 273.2960205078125
24367.81399966348 91691.6659547848 195.304443359375
24367.81399966348 96785.65305670262 282.7467651367188
24367.81399966348 101879.64015862043 296.47119140625
24367.81399966348 106973.62726053825 263.8475341796875
24367.81399966348 112067.61436245753 258.5064086914062
24367.81399966348 117161.60146437534 223.9093322753906
24367.81399966348 122255.58856629317 161.5497283935547
24367.81399966348 127349.57566821101 199.5082092285156
24367.81399966348 132443.56277012883 223.8023986816406
24367.81399966348 137537.54987204808 227.0982360839844
24367.81399966348 142631.5369739659 161.2823791503906
24367.81399966348 147725.52407588373 211.4684143066406
24367.81399966348 152819.51117780156 208.6348419189453
24367.81399966348 157913.49827971935 187.0942230224609
24367.81399966348 163007.48538163863 124.7180252075195
24367.81399966348 168101.47248355646 145.7039642333984
24367.81399966348 173195.45958547428 167.6663818359375
24367.81399966348 178289.4466873921 117.6664657592773
24367.81399966348 183383.43378930996 104.1650924682617
24367.81399966348 188477.4208912292 118.3108367919922
24367.81399966348 193571.40799314703 98.62049102783203
24367.81399966348 198665.39509506486 100.0830535888672
29241.396293925027 -0.1018797417811406 241.3275604248047
29241.396293925027 5093.885222176041 301.4350891113281
29241.396293925027 10187.872324095311 329.4602355957031
29241.396293925027 15281.85942601313 348.7229919433594
29241.396293925027 20375.846527930953 334.4537048339844
29241.396293925027 25469.833629848774 379.9154052734375
29241.396293925027 30563.820731766595 367.7799072265625
29241.396293925027 35657.80783368587 341.3780212402344
29241.396293925027 40751.794935603684 316.1708068847656
29241.396293925027 45845.78203752151 310.740234375
29241.396293925027 50939.76913943933 298.2161560058594
29241.396293925027 56033.75624135716 266.0982360839844
29241.396293925027 61127.74334327642 287.7785949707031
29241.396293925027 66221.73044519425 278.4633483886719
29241.396293925027 71315.71754711207 275.1268005371094
29241.396293925027 76409.70464902988 282.3728332519531
29241.396293925027 81503.6917509477 289.46435546875
29241.396293925027 86597.67885286697 308.6959838867188
29241.396293925027 91691.6659547848 200.9346618652344
29241.396293925027 96785.65305670262 289.07958984375
29241.396293925027 101879.64015862043 256.5627746582031
29241.396293925027 106973.62726053825 251.5173950195312
29241.396293925027 112067.61436245753 247.2180633544922
29241.396293925027 117161.60146437534 240.1669464111328
29241.396293925027 122255.58856629317 213.7194061279297
29241.396293925027 127349.57566821101 120
29241.396293925027 132443.56277012883 228.0040893554688
29241.396293925027 137537.54987204808 225.5492858886719
29241.396293925027 142631.5369739659 241.2952117919922
29241.396293925027 147725.52407588373 194.5319366455078
29241.396293925027 152819.51117780156 219.1441955566406
29241.396293925027 157913.49827971935 214.8474578857422
29241.396293925027 163007.48538163863 136.9254150390625
29241.396293925027 168101.47248355646 161.4461517333984
29241.396293925027 173195.45958547428 130.0764617919922
29241.396293925027 178289.4466873921 144.4288482666016
29241.396293925027 183383.43378930996 127.9240646362305
29241.396293925027 188477.4208912292 128.6851196289062
29241.396293925027 193571.40799314703 133.9590148925781
29241.396293925027 198665.39509506486 100.9226684570312
34114.978588186576 -0.1018797417811406 252.5283355712891
34114.978588186576 5093.885222176041 340.1236267089844
34114.978588186576 10187.872324095311 330.7923583984375
34114.978588186576 15281.85942601313 365.0990295410156
34114.978588186576 20375.846527930953 370.645751953125
34114.978588186576 25469.833629848774 375.840576171875
34114.978588186576 30563.820731766595 365.6132202148438
34114.978588186576 35657.80783368587 344.8911743164062
34114.978588186576 40751.794935603684 341.22607421875
34114.978588186576 45845.78203752151 326.0428466796875
34114.978588186576 50939.76913943933 324.0714721679688
34114.978588186576 56033.75624135716 338.9624633789062
34114.978588186576 61127.74334327642 302.6852722167969
34114.978588186576 66221.73044519425 300.3941040039062
34114.978588186576 71315.71754711207 323.0132446289062
34114.978588186576 76409.70464902988 310.2457275390625
34114.978588186576 81503.6917509477 251.3783416748047
34114.978588186576 86597.67885286697 278.1788024902344
34114.978588186576 91691.6659547848 280.6642761230469
34114.978588186576 96785.65305670262 278.468505859375
34114.978588186576 101879.64015862043 248.8518676757812
34114.978588186576 106973.62726053825 234.2241973876953
34114.978588186576 112067.61436245753 233.0690307617188
34114.978588186576 117161.60146437534 231.5353240966797
34114.978588186576 122255.58856629317 220.7850189208984
34114.978588186576 127349.57566821101 156.3309783935547
34114.978588186576 132443.56277012883 154.0363159179688
34114.978588186576 137537.54987204808 245.3942260742188
34114.978588186576 142631.5369739659 256.1898498535156
34114.978588186576 147725.52407588373 217.4454193115234
34114.978588186576 152819.51117780156 225.1986694335938
34114.978588186576 157913.49827971935 164.4395141601562
34114.978588186576 163007.48538163863 207.9668731689453
34114.978588186576 168101.47248355646 156.5258331298828
34114.978588186576 173195.45958547428 139.4084167480469
34114.978588186576 178289.4466873921 180.8699340820312
34114.978588186576 183383.43378930996 141.2460632324219
34114.978588186576 188477.4208912292 157.2090454101562
34114.978588186576 193571.40799314703 143.6993255615234
34114.978588186576 198665.39509506486 104.3378753662109
38988.560882448815 -0.1018797417811406 291.9877014160156
38988.560882448815 5093.885222176041 331.848388671875
38988.560882448815 10187.872324095311 378.310546875
38988.560882448815 15281.85942601313 379.1450500488281
38988.560882448815 20375.846527930953 406.0361022949219
38988.560882448815 25469.833629848774 360.3963317871094
38988.560882448815 30563.820731766595 351.3242492675781
38988.560882448815 35657.80783368587 356.1173400878906
38988.560882448815 40751.794935603684 342.5304870605469
38988.560882448815 45845.78203752151 358.5145568847656
38988.560882448815 50939.76913943933 364.7347106933594
38988.560882448815 56033.75624135716 334.1740112304688
38988.560882448815 61127.74334327642 315.8155517578125
38988.560882448815 66221.73044519425 320.4169616699219
38988.560882448815 71315.71754711207 313.2546997070312
38988.560882448815 76409.70464902988 301.9960632324219
38988.560882448815 81503.6917509477 289.3683166503906
38988.560882448815 86597.67885286697 320.0491638183594
38988.560882448815 91691.6659547848 286.965576171875
38988.560882448815 96785.65305670262 273.0567321777344
38988.560882448815 101879.64015862043 243.5170135498047
38988.560882448815 106973.62726053825 217.1958312988281
38988.560882448815 112067.61436245753 181.3364105224609
38988.560882448815 117161.60146437534 248.4574737548828
38988.560882448815 122255.58856629317 139.6770935058594
38988.560882448815 127349.57566821101 197.4720001220703
38988.560882448815 132443.56277012883 218.4708099365234
38988.560882448815 137537.54987204808 263.8477478027344
38988.560882448815 142631.5369739659 236.2512512207031
38988.560882448815 147725.52407588373 213.4271240234375
38988.560882448815 152819.51117780156 186.2945556640625
38988.560882448815 157913.49827971935 148.0804138183594
38988.560882448815 163007.48538163863 119.7207183837891
38988.560882448815 168101.47248355646 143.6635894775391
38988.560882448815 173195.45958547428 159.8248748779297
38988.560882448815 178289.4466873921 128.1512756347656
38988.560882448815 183383.43378930996 131.8372650146484
38988.560882448815 188477.4208912292 136.3809204101562
38988.560882448815 193571.40799314703 159.7850189208984
38988.560882448815 198665.39509506486 102.5899963378906
43862.143176710364 -0.1018797417811406 313.2979736328125
43862.143176710364 5093.885222176041 386.0243225097656
43862.143176710364 10187.872324095311 382.4087219238281
43862.143176710364 15281.85942601313 397.5428161621094
43862.143176710364 20375.846527930953 412.5703430175781
43862.143176710364 25469.833629848774 420.6389770507812
43862.143176710364 30563.820731766595 410.2104797363281
43862.143176710364 35657.80783368587 397.2538452148438
43862.143176710364 40751.794935603684 377.3555908203125
43862.143176710364 45845.78203752151 369.6646118164062
43862.143176710364 50939.76913943933 350.2074279785156
43862.143176710364 56033.75624135716 348.85693359375
43862.143176710364 61127.74334327642 332.4123229980469
43862.143176710364 66221.73044519425 349.7521057128906
43862.143176710364 71315.71754711207 343.6619567871094
43862.143176710364 76409.70464902988 348.3392944335938
43862.143176710364 81503.6917509477 327.3323974609375
43862.143176710364 86597.67885286697 298.8640747070312
43862.143176710364 91691.6659547848 271.0795593261719
43862.143176710364 96785.65305670262 302.0811157226562
43862.143176710364 101879.64015862043 292.4815063476562
43862.143176710364 106973.62726053825 271.3869018554688
43862.143176710364 112067.61436245753 222.2154541015625
43862.143176710364 117161.60146437534 147.3973846435547
43862.143176710364 122255.58856629317 214.88818359375
43862.143176710364 127349.57566821101 257.8779907226562
43862.143176710364 132443.56277012883 242.3109741210938
43862.143176710364 137537.54987204808 223.7435760498047
43862.143176710364 142631.5369739659 211.2913208007812
43862.143176710364 147725.52407588373 167.6851043701172
43862.143176710364 152819.51117780156 156.7273406982422
43862.143176710364 157913.49827971935 123.2428665161133
43862.143176710364 163007.48538163863 216.4482574462891
43862.143176710364 168101.47248355646 175.8642578125
43862.143176710364 173195.45958547428 175.2771606445312
43862.143176710364 178289.4466873921 151.644287109375
43862.143176710364 183383.43378930996 176.8307800292969
43862.143176710364 188477.4208912292 169.5111846923828
43862.143176710364 193571.40799314703 137.8372802734375
43862.143176710364 198665.39509506486 177.08447265625
48735.725470972604 -0.1018797417811406 360.61669921875
48735.725470972604 5093.885222176041 370.9609375
48735.725470972604 10187.872324095311 435.6941528320312
48735.725470972604 15281.85942601313 438.7506103515625
48735.725470972604 20375.846527930953 457.63720703125
48735.725470972604 25469.833629848774 410.2240295410156
48735.725470972604 30563.820731766595 375.2467346191406
48735.725470972604 35657.80783368587 366.3413696289062
48735.725470972604 40751.794935603684 332.345703125
48735.725470972604 45845.78203752151 333.3421630859375
48735.725470972604 50939.76913943933 347.9295654296875
48735.725470972604 56033.75624135716 355.6753845214844
48735.725470972604 61127.74334327642 315.201904296875
48735.725470972604 66221.73044519425 320.8424377441406
48735.725470972604 71315.71754711207 329.5083923339844
48735.725470972604 76409.70464902988 278.7695007324219
48735.725470972604 81503.6917509477 303.7556457519531
48735.725470972604 86597.67885286697 319.7864379882812
48735.725470972604 91691.6659547848 305.3075866699219
48735.725470972604 96785.65305670262 331.4600524902344
48735.725470972604 101879.64015862043 270.7989807128906
48735.725470972604 106973.62726053825 208.5167083740234
48735.725470972604 112067.61436245753 247.4404144287109
48735.725470972604 117161.60146437534 232.7714080810547
48735.725470972604 122255.58856629317 247.1275787353516
48735.725470972604 127349.57566821101 255.1246490478516
48735.725470972604 132443.56277012883 273.9101867675781
48735.725470972604 137537.54987204808 223.5718078613281
48735.725470972604 142631.5369739659 213.6182556152344
48735.725470972604 147725.52407588373 199.6242218017578
48735.725470972604 152819.51117780156 149.3614501953125
48735.725470972604 157913.49827971935 223.2613067626953
48735.725470972604 163007.48538163863 193.6527099609375
48735.725470972604 168101.47248355646 214.6206512451172
48735.725470972604 173195.45958547428 160.7080078125
48735.725470972604 178289.4466873921 121.928092956543
48735.725470972604 183383.43378930996 179.3463592529297
48735.725470972604 188477.4208912292 156.8578338623047
48735.725470972604 193571.40799314703 154.0744171142578
48735.725470972604 198665.39509506486 178.8451843261719
53609.30776523415 -0.1018797417811406 398.4530944824219
53609.30776523415 5093.885222176041 407.6311950683594
53609.30776523415 10187.872324095311 432.2285461425781
53609.30776523415 15281.85942601313 407.1225280761719
53609.30776523415 20375.846527930953 439.1204528808594
53609.30776523415 25469.833629848774 427.9593811035156
53609.30776523415 30563.820731766595 376.8914184570312
53609.30776523415 35657.80783368587 337.2450866699219
53609.30776523415 40751.794935603684 365.1551818847656
53609.30776523415 45845.78203752151 383.4002685546875
53609.30776523415 50939.76913943933 366.4508056640625
53609.30776523415 56033.75624135716 365.7530517578125
53609.30776523415 61127.74334327642 338.0968017578125
53609.30776523415 66221.73044519425 317.0461730957031
53609.30776523415 71315.71754711207 315.8436279296875
53609.30776523415 76409.70464902988 303.5069274902344
53609.30776523415 81503.6917509477 255.7911834716797
53609.30776523415 86597.67885286697 230.3770141601562
53609.30776523415 91691.6659547848 269.3572692871094
53609.30776523415 96785.65305670262 219.6884002685547
53609.30776523415 101879.64015862043 209.1399688720703
53609.30776523415 106973.62726053825 160.6838226318359
53609.30776523415 112067.61436245753 280.2689208984375
53609.30776523415 117161.60146437534 217.3219757080078
53609.30776523415 122255.58856629317 254.2947845458984
53609.30776523415 127349.57566821101 252.36572265625
53609.30776523415 132443.56277012883 224.3939819335938
53609.30776523415 137537.54987204808 195.9701843261719
53609.30776523415 142631.5369739659 178.5065765380859
53609.30776523415 147725.52407588373 143.2266540527344
53609.30776523415 152819.51117780156 243.3685607910156
53609.30776523415 157913.49827971935 249.5987854003906
53609.30776523415 163007.48538163863 196.7234497070312
53609.30776523415 168101.47248355646 150.6178131103516
53609.30776523415 173195.45958547428 144.5110321044922
53609.30776523415 178289.4466873921 146.1735992431641
53609.30776523415 183383.43378930996 221.3691101074219
53609.30776523415 188477.4208912292 209.7765808105469
53609.30776523415 193571.40799314703 171.8611450195312
53609.30776523415 198665.39509506486 195.6899566650391
58482.8900594957 -0.1018797417811406 464.7624206542969
58482.8900594957 5093.885222176041 426.2686157226562
58482.8900594957 10187.872324095311 389.360107421875
58482.8900594957 15281.85942601313 399.922119140625
58482.8900594957 20375.846527930953 384.9456787109375
58482.8900594957 25469.833629848774 444.2469787597656
58482.8900594957 30563.820731766595 362.1422119140625
58482.8900594957 35657.80783368587 367.7431945800781
58482.8900594957 40751.794935603684 424.3379516601562
58482.8900594957 45845.78203752151 408.4468994140625
58482.8900594957 50939.76913943933 358.151611328125
58482.8900594957 56033.75624135716 345.8582763671875
58482.8900594957 61127.74334327642 354.2583618164062
58482.8900594957 66221.73044519425 344.4169006347656
58482.8900594957 71315.71754711207 289.4152526855469
58482.8900594957 76409.70464902988 239.1786956787109
58482.8900594957 81503.6917509477 213.5691986083984
58482.8900594957 86597.67885286697 193.2814483642578
58482.8900594957 91691.6659547848 285.7914733886719
58482.8900594957 96785.65305670262 227.0097961425781
58482.8900594957 101879.64015862043 266.6606140136719
58482.8900594957 106973.62726053825 269.84130859375
58482.8900594957 112067.61436245753 290.1892395019531
58482.8900594957 117161.60146437534 247.0780181884766
58482.8900594957 122255.58856629317 292.1286315917969
58482.8900594957 127349.57566821101 277.3096618652344
58482.8900594957 132443.56277012883 228.6600036621094
58482.8900594957 137537.54987204808 206.4365844726562
58482.8900594957 142631.5369739659 192.7101593017578
58482.8900594957 147725.52407588373 215.5835113525391
58482.8900594957 152819.51117780156 160.0798950195312
58482.8900594957 157913.49827971935 214.2431488037109
58482.8900594957 163007.48538163863 154.8148040771484
58482.8900594957 168101.47248355646 175.8698120117188
58482.8900594957 173195.45958547428 121.908805847168
58482.8900594957 178289.4466873921 167.4610748291016
58482.8900594957 183383.43378930996 230.9051208496094
58482.8900594957 188477.4208912292 191.2904357910156
58482.8900594957 193571.40799314703 177.8406677246094
58482.8900594957 198665.39509506486 121.035041809082
63356.472353757934 -0.1018797417811406 409.7416076660156
63356.472353757934 5093.885222176041 417.9002685546875
63356.472353757934 10187.872324095311 428.6900634765625
63356.472353757934 15281.85942601313 383.5968017578125
63356.472353757934 20375.846527930953 395.6630859375
63356.472353757934 25469.833629848774 387.2343139648438
63356.472353757934 30563.820731766595 435.5300903320312
63356.472353757934 35657.80783368587 401.9696350097656
63356.472353757934 40751.794935603684 414.849853515625
63356.472353757934 45845.78203752151 421.3305053710938
63356.472353757934 50939.76913943933 364.6990966796875
63356.472353757934 56033.75624135716 356.9036865234375
63356.472353757934 61127.74334327642 345.9529724121094
63356.472353757934 66221.73044519425 319.1224365234375
63356.472353757934 71315.71754711207 351.6069946289062
63356.472353757934 76409.70464902988 332.9440612792969
63356.472353757934 81503.6917509477 336.9896545410156
63356.472353757934 86597.67885286697 239.9048461914062
63356.472353757934 91691.6659547848 327.5722961425781
63356.472353757934 96785.65305670262 219.5372314453125
63356.472353757934 101879.64015862043 311.9773864746094
63356.472353757934 106973.62726053825 316.4934692382812
63356.472353757934 112067.61436245753 306.2107238769531
63356.472353757934 117161.60146437534 284.2463684082031
63356.472353757934 122255.58856629317 248.9719390869141
63356.472353757934 127349.57566821101 247.7072143554688
63356.472353757934 132443.56277012883 243.9969940185547
63356.472353757934 137537.54987204808 236.8152008056641
63356.472353757934 142631.5369739659 157.8674468994141
63356.472353757934 147725.52407588373 251.5586090087891
63356.472353757934 152819.51117780156 260.8565979003906
63356.472353757934 157913.49827971935 225.5948486328125
63356.472353757934 163007.48538163863 272.9504089355469
63356.472353757934 168101.47248355646 127.1926574707031
63356.472353757934 173195.45958547428 174.1826629638672
63356.472353757934 178289.4466873921 192.0247802734375
63356.472353757934 183383.43378930996 211.2779541015625
63356.472353757934 188477.4208912292 197.2071228027344
63356.472353757934 193571.40799314703 220.2109527587891
63356.472353757934 198665.39509506486 157.1674652099609
68230.05464801948 -0.1018797417811406 407.8723449707031
68230.05464801948 5093.885222176041 355.5024108886719
68230.05464801948 10187.872324095311 335.5301208496094
68230.05464801948 15281.85942601313 361.6155395507812
68230.05464801948 20375.846527930953 325.1912231445312
68230.05464801948 25469.833629848774 386.7651977539062
68230.05464801948 30563.820731766595 438.5235290527344
68230.05464801948 35657.80783368587 394.163818359375
68230.05464801948 40751.794935603684 390.4951171875
68230.05464801948 45845.78203752151 386.5571594238281
68230.05464801948 50939.76913943933 402.0419006347656
68230.05464801948 56033.75624135716 397.3806457519531
68230.05464801948 61127.74334327642 350.8544006347656
68230.05464801948 66221.73044519425 357.6154479980469
68230.05464801948 71315.71754711207 261.4302673339844
68230.05464801948 76409.70464902988 238.6377410888672
68230.05464801948 81503.6917509477 266.4376220703125
68230.05464801948 86597.67885286697 256.4576721191406
68230.05464801948 91691.6659547848 291.7107849121094
68230.05464801948 96785.65305670262 336.74609375
68230.05464801948 101879.64015862043 265.4470825195312
68230.05464801948 106973.62726053825 307.4373474121094
68230.05464801948 112067.61436245753 283.9068908691406
68230.05464801948 117161.60146437534 308.5367126464844
68230.05464801948 122255.58856629317 225.8117828369141
68230.05464801948 127349.57566821101 241.5887451171875
68230.05464801948 132443.56277012883 290.259521484375
68230.05464801948 137537.54987204808 234.0785064697266
68230.05464801948 142631.5369739659 197.0547180175781
68230.05464801948 147725.52407588373 278.6465454101562
68230.05464801948 152819.51117780156 243.1406860351562
68230.05464801948 157913.49827971935 207.1101989746094
68230.05464801948 163007.48538163863 359.8470764160156
68230.05464801948 168101.47248355646 230.8942260742188
68230.05464801948 173195.45958547428 189.9330749511719
68230.05464801948 178289.4466873921 157.5807037353516
68230.05464801948 183383.43378930996 227.1903533935547
68230.05464801948 188477.4208912292 218.1581878662109
68230.05464801948 193571.40799314703 216.877197265625
68230.05464801948 198665.39509506486 173.1776885986328
73103.63694228172 -0.1018797417811406 413.9124450683594
73103.63694228172 5093.885222176041 406.5546569824219
73103.63694228172 10187.872324095311 387.1404724121094
73103.63694228172 15281.85942601313 346.6163330078125
73103.63694228172 20375.846527930953 360.2400512695312
73103.63694228172 25469.833629848774 350.7979736328125
73103.63694228172 30563.820731766595 399.5315856933594
73103.63694228172 35657.80783368587 423.2052612304688
73103.63694228172 40751.794935603684 394.4336547851562
73103.63694228172 45845.78203752151 359.3179931640625
73103.63694228172 50939.76913943933 372.8760375976562
73103.63694228172 56033.75624135716 374.7818298339844
73103.63694228172 61127.74334327642 369.1152038574219
73103.63694228172 66221.73044519425 302.9252624511719
73103.63694228172 71315.71754711207 275.5547790527344
73103.63694228172 76409.70464902988 226.0107879638672
73103.63694228172 81503.6917509477 272.8331909179688
73103.63694228172 86597.67885286697 240.2061157226562
73103.63694228172 91691.6659547848 328.3652954101562
73103.63694228172 96785.65305670262 349.4685974121094
73103.63694228172 101879.64015862043 356.1950073242188
73103.63694228172 106973.62726053825 280.8145141601562
73103.63694228172 112067.61436245753 295.3045043945312
73103.63694228172 117161.60146437534 345.1120300292969
73103.63694228172 122255.58856629317 316.6788635253906
73103.63694228172 127349.57566821101 267.0765686035156
73103.63694228172 132443.56277012883 209.6464691162109
73103.63694228172 137537.54987204808 278.4377746582031
73103.63694228172 142631.5369739659 235.6966247558594
73103.63694228172 147725.52407588373 223.1720123291016
73103.63694228172 152819.51117780156 203.3313446044922
73103.63694228172 157913.49827971935 219.677490234375
73103.63694228172 163007.48538163863 225.7158355712891
73103.63694228172 168101.47248355646 188.9922027587891
73103.63694228172 173195.45958547428 174.4899139404297
73103.63694228172 178289.4466873921 201.4536590576172
73103.63694228172 183383.43378930996 191.7138061523438
73103.63694228172 188477.4208912292 231.6241912841797
73103.63694228172 193571.40799314703 156.8949890136719
73103.63694228172 198665.39509506486 176.5809478759766
77977.21923654327 -0.1018797417811406 393.6554260253906
77977.21923654327 5093.885222176041 434.9661865234375
77977.21923654327 10187.872324095311 415.5812683105469
77977.21923654327 15281.85942601313 397.62646484375
77977.21923654327 20375.846527930953 323.5923156738281
77977.21923654327 25469.833629848774 383.7636413574219
77977.21923654327 30563.820731766595 348.7911682128906
77977.21923654327 35657.80783368587 393.0298461914062
77977.21923654327 40751.794935603684 395.7687072753906
77977.21923654327 45845.78203752151 383.2693176269531
77977.21923654327 50939.76913943933 334.1176147460938
77977.21923654327 56033.75624135716 331.8415832519531
77977.21923654327 61127.74334327642 334.6885070800781
77977.21923654327 66221.73044519425 308.0127563476562
77977.21923654327 71315.71754711207 309.8450927734375
77977.21923654327 76409.70464902988 340.55126953125
77977.21923654327 81503.6917509477 344.9710388183594
77977.21923654327 86597.67885286697 343.4465637207031
77977.21923654327 91691.6659547848 360.3603515625
77977.21923654327 96785.65305670262 314.1994934082031
77977.21923654327 101879.64015862043 363.3200378417969
77977.21923654327 106973.62726053825 318.0254516601562
77977.21923654327 112067.61436245753 356.2998352050781
77977.21923654327 117161.60146437534 358.5455627441406
77977.21923654327 122255.58856629317 260.1759033203125
77977.21923654327 127349.57566821101 321.6073608398438
77977.21923654327 132443.56277012883 298.3312072753906
77977.21923654327 137537.54987204808 262.8418579101562
77977.21923654327 142631.5369739659 237.1248931884766
77977.21923654327 147725.52407588373 229.6588439941406
77977.21923654327 152819.51117780156 208.1564483642578
77977.21923654327 157913.49827971935 268.8314208984375
77977.21923654327 163007.48538163863 181.1221160888672
77977.21923654327 168101.47248355646 238.8110961914062
77977.21923654327 173195.45958547428 153.4899749755859
77977.21923654327 178289.4466873921 171.9023284912109
77977.21923654327 183383.43378930996 175.4212188720703
77977.21923654327 188477.4208912292 245.4971923828125
77977.21923654327 193571.40799314703 206.3988647460938
77977.21923654327 198665.39509506486 217.8199768066406
82850.80153080482 -0.1018797417811406 397.3475646972656
82850.80153080482 5093.885222176041 362.2271423339844
82850.80153080482 10187.872324095311 440.2400207519531
82850.80153080482 15281.85942601313 372.3595581054688
82850.80153080482 20375.846527930953 370.1413879394531
82850.80153080482 25469.833629848774 300.2524719238281
82850.80153080482 30563.820731766595 405.2759704589844
82850.80153080482 35657.80783368587 390.08447265625
82850.80153080482 40751.794935603684 380.7392578125
82850.80153080482 45845.78203752151 375.1604919433594
82850.80153080482 50939.76913943933 288.8984680175781
82850.80153080482 56033.75624135716 344.3490295410156
82850.80153080482 61127.74334327642 330.8635559082031
82850.80153080482 66221.73044519425 325.3958740234375
82850.80153080482 71315.71754711207 340.1815490722656
82850.80153080482 76409.70464902988 324.6824645996094
82850.80153080482 81503.6917509477 326.2909545898438
82850.80153080482 86597.67885286697 361.0009460449219
82850.80153080482 91691.6659547848 332.7398376464844
82850.80153080482 96785.65305670262 376.0669555664062
82850.80153080482 101879.64015862043 376.5965881347656
82850.80153080482 106973.62726053825 363.9024353027344
82850.80153080482 112067.61436245753 358.985107421875
82850.80153080482 117161.60146437534 352.7095031738281
82850.80153080482 122255.58856629317 264.2854919433594
82850.80153080482 127349.57566821101 292.5090637207031
82850.80153080482 132443.56277012883 295.6936340332031
82850.80153080482 137537.54987204808 199.7626037597656
82850.80153080482 142631.5369739659 276.0497436523438
82850.80153080482 147725.52407588373 300.647216796875
82850.80153080482 152819.51117780156 261.509033203125
82850.80153080482 157913.49827971935 280.864501953125
82850.80153080482 163007.48538163863 271.2315063476562
82850.80153080482 168101.47248355646 229.7578887939453
82850.80153080482 173195.45958547428 199.7288818359375
82850.80153080482 178289.4466873921 315.151611328125
82850.80153080482 183383.43378930996 245.1104736328125
82850.80153080482 188477.4208912292 245.8230895996094
82850.80153080482 193571.40799314703 270.8558349609375
82850.80153080482 198665.39509506486 222.4426727294922
87724.38382506705 -0.1018797417811406 374.8422241210938
87724.38382506705 5093.885222176041 402.9170837402344
87724.38382506705 10187.872324095311 395.635009765625
87724.38382506705 15281.85942601313 359.387451171875
87724.38382506705 20375.846527930953 351.0029296875
87724.38382506705 25469.833629848774 369.3097229003906
87724.38382506705 30563.820731766595 368.6178588867188
87724.38382506705 35657.80783368587 391.2512817382812
87724.38382506705 40751.794935603684 378.4911193847656
87724.38382506705 45845.78203752151 371.584228515625
87724.38382506705 50939.76913943933 318.9522094726562
87724.38382506705 56033.75624135716 365.6814270019531
87724.38382506705 61127.74334327642 375.9390563964844
87724.38382506705 66221.73044519425 353.4983520507812
87724.38382506705 71315.71754711207 390.9918212890625
87724.38382506705 76409.70464902988 380.4726257324219
87724.38382506705 81503.6917509477 323.9801940917969
87724.38382506705 86597.67885286697 363.0866088867188
87724.38382506705 91691.6659547848 358.2612915039062
87724.38382506705 96785.65305670262 388.0659790039062
87724.38382506705 101879.64015862043 388.2951354980469
87724.38382506705 106973.62726053825 373.676513671875
87724.38382506705 112067.61436245753 349.3362426757812
87724.38382506705 117161.60146437534 317.5266418457031
87724.38382506705 122255.58856629317 309.1078186035156
87724.38382506705 127349.57566821101 305.7257080078125
87724.38382506705 132443.56277012883 239.0666198730469
87724.38382506705 137537.54987204808 218.5267181396484
87724.38382506705 142631.5369739659 266.1368713378906
87724.38382506705 147725.52407588373 308.0732727050781
87724.38382506705 152819.51117780156 244.7754516601562
87724.38382506705 157913.49827971935 334.5334167480469
87724.38382506705 163007.48538163863 231.8943939208984
87724.38382506705 168101.47248355646 280.689208984375
87724.38382506705 173195.45958547428 194.5828857421875
87724.38382506705 178289.4466873921 339.0067443847656
87724.38382506705 183383.43378930996 284.4003295898438
87724.38382506705 188477.4208912292 307.4139404296875
87724.38382506705 193571.40799314703 282.3924255371094
87724.38382506705 198665.39509506486 258.0643920898438
92597.9661193286 -0.1018797417811406 404.0230102539062
92597.9661193286 5093.885222176041 393.8971252441406
92597.9661193286 10187.872324095311 378.6094360351562
92597.9661193286 15281.85942601313 353.0013732910156
92597.9661193286 20375.846527930953 357.26318359375
92597.9661193286 25469.833629848774 347.2473449707031
92597.9661193286 30563.820731766595 375.3986206054688
92597.9661193286 35657.80783368587 401.2646179199219
92597.9661193286 40751.794935603684 385.5087585449219
92597.9661193286 45845.78203752151 392.4492797851562
92597.9661193286 50939.76913943933 385.0038757324219
92597.9661193286 56033.75624135716 387.0835266113281
92597.9661193286 61127.74334327642 399.7103576660156
92597.9661193286 66221.73044519425 371.6713562011719
92597.9661193286 71315.71754711207 385.373046875
92597.9661193286 76409.70464902988 410.9320678710938
92597.9661193286 81503.6917509477 392.6060180664062
92597.9661193286 86597.67885286697 417.4715270996094
92597.9661193286 91691.6659547848 373.8136596679688
92597.9661193286 96785.65305670262 376.5636901855469
92597.9661193286 101879.64015862043 314.19482421875
92597.9661193286 106973.62726053825 368.7508239746094
92597.9661193286 112067.61436245753 359.376708984375
92597.9661193286 117161.60146437534 351.1446228027344
92597.9661193286 122255.58856629317 312.4688415527344
92597.9661193286 127349.57566821101 268.0023803710938
92597.9661193286 132443.56277012883 323.6454772949219
92597.9661193286 137537.54987204808 282.6876220703125
92597.9661193286 142631.5369739659 276.5548400878906
92597.9661193286 147725.52407588373 378.1178283691406
92597.9661193286 152819.51117780156 448.6612854003906
92597.9661193286 157913.49827971935 302.87890625
92597.9661193286 163007.48538163863 296.4063110351562
92597.9661193286 168101.47248355646 406.9440612792969
92597.9661193286 173195.45958547428 291.6207275390625
92597.9661193286 178289.4466873921 294.2618713378906
92597.9661193286 183383.43378930996 227.0961456298828
92597.9661193286 188477.4208912292 261.3334655761719
92597.9661193286 193571.40799314703 279.8708801269531
92597.9661193286 198665.39509506486 248.6679840087891
97471.54841359083 -0.1018797417811406 391.9484252929688
97471.54841359083 5093.885222176041 382.7538146972656
97471.54841359083 10187.872324095311 382.3106384277344
97471.54841359083 15281.85942601313 291.3284301757812
97471.54841359083 20375.846527930953 365.7855529785156
97471.54841359083 25469.833629848774 352.1958618164062
97471.54841359083 30563.820731766595 362.4391479492188
97471.54841359083 35657.80783368587 369.0111694335938
97471.54841359083 40751.794935603684 408.4443664550781
97471.54841359083 45845.78203752151 409.8134155273438
97471.54841359083 50939.76913943933 377.5780029296875
97471.54841359083 56033.75624135716 385.6042785644531
97471.54841359083 61127.74334327642 419.8336486816406
97471.54841359083 66221.73044519425 405.9906921386719
97471.54841359083 71315.71754711207 380.3880310058594
97471.54841359083 76409.70464902988 383.2247009277344
97471.54841359083 81503.6917509477 347.5201721191406
97471.54841359083 86597.67885286697 401.9400939941406
97471.54841359083 91691.6659547848 374.0479431152344
97471.54841359083 96785.65305670262 400.7367248535156
97471.54841359083 101879.64015862043 388.1996459960938
97471.54841359083 106973.62726053825 397.1979675292969
97471.54841359083 112067.61436245753 344.0849914550781
97471.54841359083 117161.60146437534 304.6131286621094
97471.54841359083 122255.58856629317 324.2190551757812
97471.54841359083 127349.57566821101 292.2545471191406
97471.54841359083 132443.56277012883 335.5169067382812
97471.54841359083 137537.54987204808 273.9740600585938
97471.54841359083 142631.5369739659 508.7078552246094
97471.54841359083 147725.52407588373 530.0563354492188
97471.54841359083 152819.51117780156 395.5250854492188
97471.54841359083 157913.49827971935 334.5045471191406
97471.54841359083 163007.48538163863 275.1035461425781
97471.54841359083 168101.47248355646 292.8709716796875
97471.54841359083 173195.45958547428 252.1636047363281
97471.54841359083 178289.4466873921 215.1752777099609
97471.54841359083 183383.43378930996 247.1276397705078
97471.54841359083 188477.4208912292 243.9547576904297
97471.54841359083 193571.40799314703 232.9048309326172
97471.54841359083 198665.39509506486 248.7958221435547
102345.13070785238 -0.1018797417811406 379.7143859863281
102345.13070785238 5093.885222176041 372.1759033203125
102345.13070785238 10187.872324095311 343.153076171875
102345.13070785238 15281.85942601313 345.8158874511719
102345.13070785238 20375.846527930953 359.1231384277344
102345.13070785238 25469.833629848774 336.5718688964844
102345.13070785238 30563.820731766595 383.1577453613281
102345.13070785238 35657.80783368587 381.5907592773438
102345.13070785238 40751.794935603684 401.9432678222656
102345.13070785238 45845.78203752151 363.5810852050781
102345.13070785238 50939.76913943933 357.5549926757812
102345.13070785238 56033.75624135716 369.73193359375
102345.13070785238 61127.74334327642 381.8603210449219
102345.13070785238 66221.73044519425 377.8567504882812
102345.13070785238 71315.71754711207 382.50634765625
102345.13070785238 76409.70464902988 377.9270629882812
102345.13070785238 81503.6917509477 347.4793395996094
102345.13070785238 86597.67885286697 392.1806640625
102345.13070785238 91691.6659547848 399.6976623535156
102345.13070785238 96785.65305670262 366.1622009277344
102345.13070785238 101879.64015862043 346.1234130859375
102345.13070785238 106973.62726053825 417.4626159667969
102345.13070785238 112067.61436245753 398.829345703125
102345.13070785238 117161.60146437534 314.4930419921875
102345.13070785238 122255.58856629317 348.1164245605469
102345.13070785238 127349.57566821101 368.4796447753906
102345.13070785238 132443.56277012883 443.1466369628906
102345.13070785238 137537.54987204808 324.1450805664062
102345.13070785238 142631.5369739659 366.1272888183594
102345.13070785238 147725.52407588373 473.7711181640625
102345.13070785238 152819.51117780156 338.5847473144531
102345.13070785238 157913.49827971935 321.350341796875
102345.13070785238 163007.48538163863 365.5231018066406
102345.13070785238 168101.47248355646 283.6422729492188
102345.13070785238 173195.45958547428 236.29443359375
102345.13070785238 178289.4466873921 282.556884765625
102345.13070785238 183383.43378930996 315.0501098632812
102345.13070785238 188477.4208912292 236.1073913574219
102345.13070785238 193571.40799314703 264.8084716796875
102345.13070785238 198665.39509506486 299.640380859375
107218.71300211393 -0.1018797417811406 336.7446594238281
107218.71300211393 5093.885222176041 329.1028137207031
107218.71300211393 10187.872324095311 291.5494689941406
107218.71300211393 15281.85942601313 339.754150390625
107218.71300211393 20375.846527930953 353.4094543457031
107218.71300211393 25469.833629848774 328.2362060546875
107218.71300211393 30563.820731766595 382.1319580078125
107218.71300211393 35657.80783368587 382.2703247070312
107218.71300211393 40751.794935603684 369.8865356445312
107218.71300211393 45845.78203752151 382.8675842285156
107218.71300211393 50939.76913943933 369.2733764648438
107218.71300211393 56033.75624135716 340.2837829589844
107218.71300211393 61127.74334327642 363.2861938476562
107218.71300211393 66221.73044519425 352.7850036621094
107218.71300211393 71315.71754711207 373.5575256347656
107218.71300211393 76409.70464902988 360.7967224121094
107218.71300211393 81503.6917509477 320.5375061035156
107218.71300211393 86597.67885286697 379.7301330566406
107218.71300211393 91691.6659547848 407.7680358886719
107218.71300211393 96785.65305670262 370.6672668457031
107218.71300211393 101879.64015862043 342.3194885253906
107218.71300211393 106973.62726053825 393.48876953125
107218.71300211393 112067.61436245753 378.9623107910156
107218.71300211393 117161.60146437534 368.2969055175781
107218.71300211393 122255.58856629317 382.80908203125
107218.71300211393 127349.57566821101 373.5768432617188
107218.71300211393 132443.56277012883 345.1596069335938
107218.71300211393 137537.54987204808 411.2171020507812
107218.71300211393 142631.5369739659 406.0505981445312
107218.71300211393 147725.52407588373 332.8863525390625
107218.71300211393 152819.51117780156 404.3629760742188
107218.71300211393 157913.49827971935 334.341064453125
107218.71300211393 163007.48538163863 398.6423950195312
107218.71300211393 168101.47248355646 435.697509765625
107218.71300211393 173195.45958547428 242.8487396240234
107218.71300211393 178289.4466873921 254.6010284423828
107218.71300211393 183383.43378930996 321.02099609375
107218.71300211393 188477.4208912292 283.7776489257812
107218.71300211393 193571.40799314703 288.9796752929688
107218.71300211393 198665.39509506486 342.7720642089844
112092.29529637618 -0.1018797417811406 327.8142395019531
112092.29529637618 5093.885222176041 336.3387451171875
112092.29529637618 10187.872324095311 262.6016235351562
112092.29529637618 15281.85942601313 339.6500549316406
112092.29529637618 20375.846527930953 269.8316650390625
112092.29529637618 25469.833629848774 354.85302734375
112092.29529637618 30563.820731766595 352.4934692382812
112092.29529637618 35657.80783368587 326.6891784667969
112092.29529637618 40751.794935603684 320.2896728515625
112092.29529637618 45845.78203752151 345.9211730957031
112092.29529637618 50939.76913943933 359.4022216796875
112092.29529637618 56033.75624135716 339.5499572753906
112092.29529637618 61127.74334327642 355.6356201171875
112092.29529637618 66221.73044519425 381.4925537109375
112092.29529637618 71315.71754711207 341.4410095214844
112092.29529637618 76409.70464902988 354.3472290039062
112092.29529637618 81503.6917509477 343.5994262695312
112092.29529637618 86597.67885286697 347.4761047363281
112092.29529637618 91691.6659547848 389.87841796875
112092.29529637618 96785.65305670262 322.1221923828125
112092.29529637618 101879.64015862043 357.7503662109375
112092.29529637618 106973.62726053825 374.9218139648438
112092.29529637618 112067.61436245753 359.654052734375
112092.29529637618 117161.60146437534 366.5587768554688
112092.29529637618 122255.58856629317 376.4632873535156
112092.29529637618 127349.57566821101 367.0466003417969
112092.29529637618 132443.56277012883 411.8998107910156
112092.29529637618 137537.54987204808 417.5289306640625
112092.29529637618 142631.5369739659 296.2678527832031
112092.29529637618 147725.52407588373 282.3724670410156
112092.29529637618 152819.51117780156 334.4562683105469
112092.29529637618 157913.49827971935 319.8912963867188
112092.29529637618 163007.48538163863 382.9008178710938
112092.29529637618 168101.47248355646 359.4398193359375
112092.29529637618 173195.45958547428 259.0772705078125
112092.29529637618 178289.4466873921 291.58544921875
112092.29529637618 183383.43378930996 277.074462890625
112092.29529637618 188477.4208912292 314.6168518066406
112092.29529637618 193571.40799314703 300.1053771972656
112092.29529637618 198665.39509506486 295.7882385253906
116965.87759063773 -0.1018797417811406 269.2975158691406
116965.87759063773 5093.885222176041 335.6011352539062
116965.87759063773 10187.872324095311 325.5688171386719
116965.87759063773 15281.85942601313 242.1963653564453
116965.87759063773 20375.846527930953 341.96337890625
116965.87759063773 25469.833629848774 339.7871398925781
116965.87759063773 30563.820731766595 323.6237182617188
116965.87759063773 35657.80783368587 325.4655456542969
116965.87759063773 40751.794935603684 322.3459777832031
116965.87759063773 45845.78203752151 354.8765563964844
116965.87759063773 50939.76913943933 322.5259399414062
116965.87759063773 56033.75624135716 313.4591064453125
116965.87759063773 61127.74334327642 360.3894653320312
116965.87759063773 66221.73044519425 360.6635131835938
116965.87759063773 71315.71754711207 334.0754699707031
116965.87759063773 76409.70464902988 340.3165283203125
116965.87759063773 81503.6917509477 328.9515380859375
116965.87759063773 86597.67885286697 375.841552734375
116965.87759063773 91691.6659547848 361.3616027832031
116965.87759063773 96785.65305670262 374.2303161621094
116965.87759063773 101879.64015862043 291.7179870605469
116965.87759063773 106973.62726053825 333.9292602539062
116965.87759063773 112067.61436245753 314.8624267578125
116965.87759063773 117161.60146437534 345.9765319824219
116965.87759063773 122255.58856629317 343.4395751953125
116965.87759063773 127349.57566821101 328.8724670410156
116965.87759063773 132443.56277012883 324.4064025878906
116965.87759063773 137537.54987204808 296.50439453125
116965.87759063773 142631.5369739659 295.190185546875
116965.87759063773 147725.52407588373 276.7657775878906
116965.87759063773 152819.51117780156 338.02783203125
116965.87759063773 157913.49827971935 319.4762573242188
116965.87759063773 163007.48538163863 312.0286865234375
116965.87759063773 168101.47248355646 288.47705078125
116965.87759063773 173195.45958547428 260.8483581542969
116965.87759063773 178289.4466873921 280.2539978027344
116965.87759063773 183383.43378930996 256.678955078125
116965.87759063773 188477.4208912292 275.6389770507812
116965.87759063773 193571.40799314703 293.9083557128906
116965.87759063773 198665.39509506486 275.2140197753906
121839.45988489996 -0.1018797417811406 300.1091613769531
121839.45988489996 5093.885222176041 309.9592590332031
121839.45988489996 10187.872324095311 239.6637115478516
121839.45988489996 15281.85942601313 311.2339782714844
121839.45988489996 20375.846527930953 326.09033203125
121839.45988489996 25469.833629848774 317.3729553222656
121839.45988489996 30563.820731766595 293.9849853515625
121839.45988489996 35657.80783368587 326.0869750976562
121839.45988489996 40751.794935603684 344.0724182128906
121839.45988489996 45845.78203752151 342.1045837402344
121839.45988489996 50939.76913943933 326.1126403808594
121839.45988489996 56033.75624135716 324.3837585449219
121839.45988489996 61127.74334327642 337.2082214355469
121839.45988489996 66221.73044519425 338.4743957519531
121839.45988489996 71315.71754711207 316.0283813476562
121839.45988489996 76409.70464902988 269.2275390625
121839.45988489996 81503.6917509477 315.3968505859375
121839.45988489996 86597.67885286697 352.8594970703125
121839.45988489996 91691.6659547848 321.6885070800781
121839.45988489996 96785.65305670262 355.8235168457031
121839.45988489996 101879.64015862043 258.1913146972656
121839.45988489996 106973.62726053825 299.1769714355469
121839.45988489996 112067.61436245753 310.7978515625
121839.45988489996 117161.60146437534 289.1626281738281
121839.45988489996 122255.58856629317 289.5255126953125
121839.45988489996 127349.57566821101 324.2308349609375
121839.45988489996 132443.56277012883 324.5252685546875
121839.45988489996 137537.54987204808 291.5619506835938
121839.45988489996 142631.5369739659 275.368408203125
121839.45988489996 147725.52407588373 240.3716735839844
121839.45988489996 152819.51117780156 255.6224517822266
121839.45988489996 157913.49827971935 302.47900390625
121839.45988489996 163007.48538163863 263.0869750976562
121839.45988489996 168101.47248355646 258.8477783203125
121839.45988489996 173195.45958547428 306.8430480957031
121839.45988489996 178289.4466873921 287.6295166015625
121839.45988489996 183383.43378930996 292.1604919433594
121839.45988489996 188477.4208912292 302.8241577148438
121839.45988489996 193571.40799314703 250.3760833740234
121839.45988489996 198665.39509506486 223.8371276855469
126713.04217916151 -0.1018797417811406 225.48779296875
126713.04217916151 5093.885222176041 233.4027557373047
126713.04217916151 10187.872324095311 294.951416015625
126713.04217916151 15281.85942601313 307.5750122070312
126713.04217916151 20375.846527930953 327.5470275878906
126713.04217916151 25469.833629848774 238.2693328857422
126713.04217916151 30563.820731766595 279.0429077148438
126713.04217916151 35657.80783368587 300.1264038085938
126713.04217916151 40751.794935603684 288.96826171875
126713.04217916151 45845.78203752151 341.376220703125
126713.04217916151 50939.76913943933 329.1981811523438
126713.04217916151 56033.75624135716 303.1151123046875
126713.04217916151 61127.74334327642 317.836181640625
126713.04217916151 66221.73044519425 309.2869567871094
126713.04217916151 71315.71754711207 318.0985717773438
126713.04217916151 76409.70464902988 310.6070861816406
126713.04217916151 81503.6917509477 271.9579162597656
126713.04217916151 86597.67885286697 347.788330078125
126713.04217916151 91691.6659547848 306.6857604980469
126713.04217916151 96785.65305670262 311.90185546875
126713.04217916151 101879.64015862043 263.3936767578125
126713.04217916151 106973.62726053825 286.8866271972656
126713.04217916151 112067.61436245753 294.6388854980469
126713.04217916151 117161.60146437534 286.2015991210938
126713.04217916151 122255.58856629317 343.5912170410156
126713.04217916151 127349.57566821101 357.0126037597656
126713.04217916151 132443.56277012883 342.9808349609375
126713.04217916151 137537.54987204808 352.0653076171875
126713.04217916151 142631.5369739659 345.6876831054688
126713.04217916151 147725.52407588373 275.9009399414062
126713.04217916151 152819.51117780156 235.6417388916016
126713.04217916151 157913.49827971935 251.5953674316406
126713.04217916151 163007.48538163863 217.8150329589844
126713.04217916151 168101.47248355646 255.15966796875
126713.04217916151 173195.45958547428 245.6428070068359
126713.04217916151 178289.4466873921 264.7855834960938
126713.04217916151 183383.43378930996 271.2864685058594
126713.04217916151 188477.4208912292 306.5673217773438
126713.04217916151 193571.40799314703 252.4340362548828
126713.04217916151 198665.39509506486 241.4117736816406
131586.62447342306 -0.1018797417811406 237.5207977294922
131586.62447342306 5093.885222176041 259.2516784667969
131586.62447342306 10187.872324095311 278.3218688964844
131586.62447342306 15281.85942601313 251.0619354248047
131586.62447342306 20375.846527930953 204.2567596435547
131586.62447342306 25469.833629848774 220.3739318847656
131586.62447342306 30563.820731766595 243.3371734619141
131586.62447342306 35657.80783368587 277.1356506347656
131586.62447342306 40751.794935603684 347.9906921386719
131586.62447342306 45845.78203752151 302.1373291015625
131586.62447342306 50939.76913943933 284.9681091308594
131586.62447342306 56033.75624135716 310.826416015625
131586.62447342306 61127.74334327642 259.5911560058594
131586.62447342306 66221.73044519425 296.3033142089844
131586.62447342306 71315.71754711207 302.8583984375
131586.62447342306 76409.70464902988 327.1095581054688
131586.62447342306 81503.6917509477 309.5372924804688
131586.62447342306 86597.67885286697 280.6040344238281
131586.62447342306 91691.6659547848 273.30224609375
131586.62447342306 96785.65305670262 253.0516510009766
131586.62447342306 101879.64015862043 269.5668640136719
131586.62447342306 106973.62726053825 282.0317993164062
131586.62447342306 112067.61436245753 238.4259338378906
131586.62447342306 117161.60146437534 275.0956726074219
131586.62447342306 122255.58856629317 310.9505004882812
131586.62447342306 127349.57566821101 325.1875610351562
131586.62447342306 132443.56277012883 306.7037048339844
131586.62447342306 137537.54987204808 310.3812866210938
131586.62447342306 142631.5369739659 290.8267517089844
131586.62447342306 147725.52407588373 300.4573059082031
131586.62447342306 152819.51117780156 310.0878601074219
131586.62447342306 157913.49827971935 302.4072265625
131586.62447342306 163007.48538163863 248.0188293457031
131586.62447342306 168101.47248355646 238.8360290527344
131586.62447342306 173195.45958547428 214.3845977783203
131586.62447342306 178289.4466873921 234.2126007080078
131586.62447342306 183383.43378930996 273.71728515625
131586.62447342306 188477.4208912292 273.2618103027344
131586.62447342306 193571.40799314703 301.9263916015625
131586.62447342306 198665.39509506486 165.8614959716797
136460.2067676853 -0.1018797417811406 303.1356811523438
136460.2067676853 5093.885222176041 313.3743286132812
136460.2067676853 10187.872324095311 322.9612731933594
136460.2067676853 15281.85942601313 252.7950439453125
136460.2067676853 20375.846527930953 203.5224304199219
136460.2067676853 25469.833629848774 291.0495910644531
136460.2067676853 30563.820731766595 302.5563659667969
136460.2067676853 35657.80783368587 305.0380249023438
136460.2067676853 40751.794935603684 335.5804138183594
136460.2067676853 45845.78203752151 333.6228332519531
136460.2067676853 50939.76913943933 310.341064453125
136460.2067676853 56033.75624135716 307.8688354492188
136460.2067676853 61127.74334327642 245.0136260986328
136460.2067676853 66221.73044519425 252.8069305419922
136460.2067676853 71315.71754711207 269.6135559082031
136460.2067676853 76409.70464902988 271.905029296875
136460.2067676853 81503.6917509477 261.4678344726562
136460.2067676853 86597.67885286697 227.687744140625
136460.2067676853 91691.6659547848 309.8526306152344
136460.2067676853 96785.65305670262 290.4795837402344
136460.2067676853 101879.64015862043 264.4586791992188
136460.2067676853 106973.62726053825 284.8510131835938
136460.2067676853 112067.61436245753 288.1914672851562
136460.2067676853 117161.60146437534 324.0162658691406
136460.2067676853 122255.58856629317 335.4088745117188
136460.2067676853 127349.57566821101 260.2353820800781
136460.2067676853 132443.56277012883 279.1607971191406
136460.2067676853 137537.54987204808 271.546630859375
136460.2067676853 142631.5369739659 293.189697265625
136460.2067676853 147725.52407588373 300.9811401367188
136460.2067676853 152819.51117780156 253.7841796875
136460.2067676853 157913.49827971935 233.6203002929688
136460.2067676853 163007.48538163863 197.5015411376953
136460.2067676853 168101.47248355646 222.5479278564453
136460.2067676853 173195.45958547428 256.8023376464844
136460.2067676853 178289.4466873921 276.1862182617188
136460.2067676853 183383.43378930996 279.0592041015625
136460.2067676853 188477.4208912292 292.029296875
136460.2067676853 193571.40799314703 249.6114349365234
136460.2067676853 198665.39509506486 193.8710632324219
141333.78906194682 -0.1018797417811406 304.1123352050781
141333.78906194682 5093.885222176041 350.4739379882812
141333.78906194682 10187.872324095311 351.810302734375
141333.78906194682 15281.85942601313 306.2005615234375
141333.78906194682 20375.846527930953 282.8186340332031
141333.78906194682 25469.833629848774 222.8505706787109
141333.78906194682 30563.820731766595 291.7829895019531
141333.78906194682 35657.80783368587 264.5724792480469
141333.78906194682 40751.794935603684 281.0199279785156
141333.78906194682 45845.78203752151 340.7159729003906
141333.78906194682 50939.76913943933 319.0283813476562
141333.78906194682 56033.75624135716 313.8588256835938
141333.78906194682 61127.74334327642 325.4100341796875
141333.78906194682 66221.73044519425 309.3995361328125
141333.78906194682 71315.71754711207 269.7511291503906
141333.78906194682 76409.70464902988 288.5584106445312
141333.78906194682 81503.6917509477 270.2467956542969
141333.78906194682 86597.67885286697 233.4438781738281
141333.78906194682 91691.6659547848 268.4156188964844
141333.78906194682 96785.65305670262 256.0547180175781
141333.78906194682 101879.64015862043 244.7940979003906
141333.78906194682 106973.62726053825 292.0873718261719
141333.78906194682 112067.61436245753 267.1465454101562
141333.78906194682 117161.60146437534 301.2747802734375
141333.78906194682 122255.58856629317 309.6376953125
141333.78906194682 127349.57566821101 335.6134338378906
141333.78906194682 132443.56277012883 253.2006683349609
141333.78906194682 137537.54987204808 270.9078979492188
141333.78906194682 142631.5369739659 281.94921875
141333.78906194682 147725.52407588373 277.5187072753906
141333.78906194682 152819.51117780156 218.6171569824219
141333.78906194682 157913.49827971935 222.9187469482422
141333.78906194682 163007.48538163863 243.8694152832031
141333.78906194682 168101.47248355646 284.6996154785156
141333.78906194682 173195.45958547428 273.6492919921875
141333.78906194682 178289.4466873921 257.2094421386719
141333.78906194682 183383.43378930996 287.34375
141333.78906194682 188477.4208912292 255.6664428710938
141333.78906194682 193571.40799314703 192.619140625
141333.78906194682 198665.39509506486 131.6161956787109
146207.37135620907 -0.1018797417811406 297.4614562988281
146207.37135620907 5093.885222176041 324.7452392578125
146207.37135620907 10187.872324095311 302.4465942382812
146207.37135620907 15281.85942601313 292.553955078125
146207.37135620907 20375.846527930953 273.0830383300781
146207.37135620907 25469.833629848774 213.8768005371094
146207.37135620907 30563.820731766595 269.093505859375
146207.37135620907 35657.80783368587 227.3299865722656
146207.37135620907 40751.794935603684 344.0667724609375
146207.37135620907 45845.78203752151 323.7832946777344
146207.37135620907 50939.76913943933 291.2987670898438
146207.37135620907 56033.75624135716 269.2481689453125
146207.37135620907 61127.74334327642 292.385986328125
146207.37135620907 66221.73044519425 315.7730712890625
146207.37135620907 71315.71754711207 304.6651000976562
146207.37135620907 76409.70464902988 306.5783081054688
146207.37135620907 81503.6917509477 314.9344482421875
146207.37135620907 86597.67885286697 243.2706756591797
146207.37135620907 91691.6659547848 265.7176818847656
146207.37135620907 96785.65305670262 270.7118530273438
146207.37135620907 101879.64015862043 190.3792266845703
146207.37135620907 106973.62726053825 244.8466339111328
146207.37135620907 112067.61436245753 258.9297485351562
146207.37135620907 117161.60146437534 261.6758422851562
146207.37135620907 122255.58856629317 277.7149963378906
146207.37135620907 127349.57566821101 281.6042785644531
146207.37135620907 132443.56277012883 292.8528137207031
146207.37135620907 137537.54987204808 246.7771453857422
146207.37135620907 142631.5369739659 237.8295288085938
146207.37135620907 147725.52407588373 234.1001739501953
146207.37135620907 152819.51117780156 233.8016204833984
146207.37135620907 157913.49827971935 224.6385650634766
146207.37135620907 163007.48538163863 238.9149932861328
146207.37135620907 168101.47248355646 217.6312255859375
146207.37135620907 173195.45958547428 230.4427642822266
146207.37135620907 178289.4466873921 209.6087341308594
146207.37135620907 183383.43378930996 215.9169006347656
146207.37135620907 188477.4208912292 201.6852111816406
146207.37135620907 193571.40799314703 140.8829803466797
146207.37135620907 198665.39509506486 184.7643585205078
151080.95365047062 -0.1018797417811406 285.511962890625
151080.95365047062 5093.885222176041 291.6111755371094
151080.95365047062 10187.872324095311 300.8601684570312
151080.95365047062 15281.85942601313 327.2666320800781
151080.95365047062 20375.846527930953 290.384521484375
151080.95365047062 25469.833629848774 267.2695617675781
151080.95365047062 30563.820731766595 224.9899444580078
151080.95365047062 35657.80783368587 259.9027709960938
151080.95365047062 40751.794935603684 335.4111328125
151080.95365047062 45845.78203752151 312.1636657714844
151080.95365047062 50939.76913943933 312.3526611328125
151080.95365047062 56033.75624135716 286.7982788085938
151080.95365047062 61127.74334327642 299.7826232910156
151080.95365047062 66221.73044519425 307.4943237304688
151080.95365047062 71315.71754711207 291.3402709960938
151080.95365047062 76409.70464902988 296.3780212402344
151080.95365047062 81503.6917509477 294.2799377441406
151080.95365047062 86597.67885286697 295.0784912109375
151080.95365047062 91691.6659547848 307.7872314453125
151080.95365047062 96785.65305670262 266.6310424804688
151080.95365047062 101879.64015862043 196.2326965332031
151080.95365047062 106973.62726053825 244.6884307861328
151080.95365047062 112067.61436245753 277.469482421875
151080.95365047062 117161.60146437534 299.6198120117188
151080.95365047062 122255.58856629317 265.130859375
151080.95365047062 127349.57566821101 258.2065124511719
151080.95365047062 132443.56277012883 319.6202697753906
151080.95365047062 137537.54987204808 285.0818481445312
151080.95365047062 142631.5369739659 259.6547546386719
151080.95365047062 147725.52407588373 260.2533569335938
151080.95365047062 152819.51117780156 181.4620208740234
151080.95365047062 157913.49827971935 259.9828186035156
151080.95365047062 163007.48538163863 191.0860748291016
151080.95365047062 168101.47248355646 219.3480987548828
151080.95365047062 173195.45958547428 213.1620941162109
151080.95365047062 178289.4466873921 166.1424865722656
151080.95365047062 183383.43378930996 186.6877746582031
151080.95365047062 188477.4208912292 158.5217590332031
151080.95365047062 193571.40799314703 168.9168853759766
151080.95365047062 198665.39509506486 123.6443786621094
155954.53594473217 -0.1018797417811406 267.6863403320312
155954.53594473217 5093.885222176041 262.5349426269531
155954.53594473217 10187.872324095311 315.708740234375
155954.53594473217 15281.85942601313 275.968994140625
155954.53594473217 20375.846527930953 285.0929870605469
155954.53594473217 25469.833629848774 256.0836791992188
155954.53594473217 30563.820731766595 231.0754547119141
155954.53594473217 35657.80783368587 254.3082122802734
155954.53594473217 40751.794935603684 318.1875305175781
155954.53594473217 45845.78203752151 323.9586181640625
155954.53594473217 50939.76913943933 318.7793273925781
155954.53594473217 56033.75624135716 306.4332580566406
155954.53594473217 61127.74334327642 269.3002624511719
155954.53594473217 66221.73044519425 276.7114868164062
155954.53594473217 71315.71754711207 265.3977355957031
155954.53594473217 76409.70464902988 270.1645812988281
155954.53594473217 81503.6917509477 270.6502380371094
155954.53594473217 86597.67885286697 250.9152679443359
155954.53594473217 91691.6659547848 298.6343078613281
155954.53594473217 96785.65305670262 264.8214721679688
155954.53594473217 101879.64015862043 292.2325744628906
155954.53594473217 106973.62726053825 220.1871490478516
155954.53594473217 112067.61436245753 240.9177398681641
155954.53594473217 117161.60146437534 248.5838623046875
155954.53594473217 122255.58856629317 215.6000823974609
155954.53594473217 127349.57566821101 271.3972473144531
155954.53594473217 132443.56277012883 242.2850494384766
155954.53594473217 137537.54987204808 245.0432281494141
155954.53594473217 142631.5369739659 244.7389678955078
155954.53594473217 147725.52407588373 185.8662261962891
155954.53594473217 152819.51117780156 226.7732238769531
155954.53594473217 157913.49827971935 227.2650909423828
155954.53594473217 163007.48538163863 201.5669250488281
155954.53594473217 168101.47248355646 177.9943084716797
155954.53594473217 173195.45958547428 190.30078125
155954.53594473217 178289.4466873921 196.1872253417969
155954.53594473217 183383.43378930996 156.9563751220703
155954.53594473217 188477.4208912292 149.2664794921875
155954.53594473217 193571.40799314703 117.0621032714844
155954.53594473217 198665.39509506486 118.6223373413086
160828.11823899442 -0.1018797417811406 220.1305847167969
160828.11823899442 5093.885222176041 239.3823394775391
160828.11823899442 10187.872324095311 286.2654418945312
160828.11823899442 15281.85942601313 273.5212707519531
160828.11823899442 20375.846527930953 262.7886962890625
160828.11823899442 25469.833629848774 238.1622924804688
160828.11823899442 30563.820731766595 239.7287445068359
160828.11823899442 35657.80783368587 209.8719177246094
160828.11823899442 40751.794935603684 241.7024230957031
160828.11823899442 45845.78203752151 308.1361694335938
160828.11823899442 50939.76913943933 285.1454772949219
160828.11823899442 56033.75624135716 312.5227355957031
160828.11823899442 61127.74334327642 265.3220520019531
160828.11823899442 66221.73044519425 266.2048645019531
160828.11823899442 71315.71754711207 281.3446044921875
160828.11823899442 76409.70464902988 254.3248138427734
160828.11823899442 81503.6917509477 296.2640991210938
160828.11823899442 86597.67885286697 261.9594421386719
160828.11823899442 91691.6659547848 252.0046997070312
160828.11823899442 96785.65305670262 273.9439392089844
160828.11823899442 101879.64015862043 288.2859802246094
160828.11823899442 106973.62726053825 283.1107482910156
160828.11823899442 112067.61436245753 181.5881958007812
160828.11823899442 117161.60146437534 261.2893371582031
160828.11823899442 122255.58856629317 205.0797271728516
160828.11823899442 127349.57566821101 190.9719390869141
160828.11823899442 132443.56277012883 223.3001708984375
160828.11823899442 137537.54987204808 279.3081665039062
160828.11823899442 142631.5369739659 238.2933502197266
160828.11823899442 147725.52407588373 165.8323974609375
160828.11823899442 152819.51117780156 217.4309692382812
160828.11823899442 157913.49827971935 207.9546508789062
160828.11823899442 163007.48538163863 212.1219329833984
160828.11823899442 168101.47248355646 207.1150207519531
160828.11823899442 173195.45958547428 192.4804229736328
160828.11823899442 178289.4466873921 125.8763961791992
160828.11823899442 183383.43378930996 130.9160003662109
160828.11823899442 188477.4208912292 118.8635101318359
160828.11823899442 193571.40799314703 120.8282852172852
160828.11823899442 198665.39509506486 182.1116638183594
165701.70053325596 -0.1018797417811406 222.1784210205078
165701.70053325596 5093.885222176041 244.8642272949219
165701.70053325596 10187.872324095311 270.5853271484375
165701.70053325596 15281.85942601313 249.5888366699219
165701.70053325596 20375.846527930953 220.4043273925781
165701.70053325596 25469.833629848774 257.4779663085938
165701.70053325596 30563.820731766595 219.6669006347656
165701.70053325596 35657.80783368587 179.9692077636719
165701.70053325596 40751.794935603684 228.8156585693359
165701.70053325596 45845.78203752151 306.3213195800781
165701.70053325596 50939.76913943933 277.2250061035156
165701.70053325596 56033.75624135716 255.1419372558594
165701.70053325596 61127.74334327642 271.2913513183594
165701.70053325596 66221.73044519425 252.7626953125
165701.70053325596 71315.71754711207 230.2884368896484
165701.70053325596 76409.70464902988 223.0157470703125
165701.70053325596 81503.6917509477 212.6372680664062
165701.70053325596 86597.67885286697 209.7613677978516
165701.70053325596 91691.6659547848 218.4985809326172
165701.70053325596 96785.65305670262 234.6914215087891
165701.70053325596 101879.64015862043 240.5540466308594
165701.70053325596 106973.62726053825 249.0480804443359
165701.70053325596 112067.61436245753 229.8431396484375
165701.70053325596 117161.60146437534 173.2665557861328
165701.70053325596 122255.58856629317 195.1768798828125
165701.70053325596 127349.57566821101 195.6109619140625
165701.70053325596 132443.56277012883 221.6947174072266
165701.70053325596 137537.54987204808 221.1343536376953
165701.70053325596 142631.5369739659 232.1787414550781
165701.70053325596 147725.52407588373 215.6685180664062
165701.70053325596 152819.51117780156 162.9988098144531
165701.70053325596 157913.49827971935 190.4393768310547
165701.70053325596 163007.48538163863 210.7150726318359
165701.70053325596 168101.47248355646 174.5816955566406
165701.70053325596 173195.45958547428 161.7318878173828
165701.70053325596 178289.4466873921 145.3174743652344
165701.70053325596 183383.43378930996 132.4317016601562
165701.70053325596 188477.4208912292 119.3337936401367
165701.70053325596 193571.40799314703 213.7419128417969
165701.70053325596 198665.39509506486 223.4058685302734
170575.2828275182 -0.1018797417811406 207.6724243164062
170575.2828275182 5093.885222176041 257.8106384277344
170575.2828275182 10187.872324095311 292.2316589355469
170575.2828275182 15281.85942601313 236.8156433105469
170575.2828275182 20375.846527930953 221.4652557373047
170575.2828275182 25469.833629848774 248.5052490234375
170575.2828275182 30563.820731766595 241.6521453857422
170575.2828275182 35657.80783368587 236.5052032470703
170575.2828275182 40751.794935603684 223.8475952148438
170575.2828275182 45845.78203752151 276.6879272460938
170575.2828275182 50939.76913943933 264.088623046875
170575.2828275182 56033.75624135716 254.3004150390625
170575.2828275182 61127.74334327642 281.3630981445312
170575.2828275182 66221.73044519425 304.1544494628906
170575.2828275182 71315.71754711207 268.8954467773438
170575.2828275182 76409.70464902988 273.7889709472656
170575.2828275182 81503.6917509477 268.1134643554688
170575.2828275182 86597.67885286697 205.0099182128906
170575.2828275182 91691.6659547848 213.3961639404297
170575.2828275182 96785.65305670262 226.1213073730469
170575.2828275182 101879.64015862043 208.8750610351562
170575.2828275182 106973.62726053825 221.0035705566406
170575.2828275182 112067.61436245753 229.9785461425781
170575.2828275182 117161.60146437534 248.3490295410156
170575.2828275182 122255.58856629317 209.0733642578125
170575.2828275182 127349.57566821101 182.8641510009766
170575.2828275182 132443.56277012883 201.1714935302734
170575.2828275182 137537.54987204808 189.5735321044922
170575.2828275182 142631.5369739659 220.220458984375
170575.2828275182 147725.52407588373 210.8387298583984
170575.2828275182 152819.51117780156 181.0519104003906
170575.2828275182 157913.49827971935 141.8066711425781
170575.2828275182 163007.48538163863 182.4924468994141
170575.2828275182 168101.47248355646 208.1256103515625
170575.2828275182 173195.45958547428 230.0306854248047
170575.2828275182 178289.4466873921 236.1378784179688
170575.2828275182 183383.43378930996 127.839714050293
170575.2828275182 188477.4208912292 120.8645477294922
170575.2828275182 193571.40799314703 217.8179321289062
170575.2828275182 198665.39509506486 197.1825103759766